TAXA	ART45	ART46	ART47	ART48	ART49	ART50	CIGOMA4	CIGOMD18	DELGOM54	DELGOM55	DELGOM56	DELGOM57	DELGOM58	DELGOM59	DELGOM60	DSANT06	DSANT08	DSANT09	DSANT11	DSANT95	GBGOC44	GBGOC45	GBGOC47	GYRPAC92	HRSPAC47	KJGOM4	KJGOM5	KJGOM6	KOR52	KOR58	LOKART30	LOKART60	LOKART62	LOKART95	MARPAC23	SMMPAC33	SMMPAC46
Oxygen	oxic	oxic	oxic	oxic	oxic	oxic	oxic	anoxic	oxic	anoxic	anoxic	oxic	anoxic	anoxic	anoxic	oxic	oxic	oxic	oxic	oxic	anoxic	anoxic	anoxic	oxic	anoxic	oxic	oxic	anoxic	oxic	oxic	anoxic	anoxic	anoxic	anoxic	oxic	anoxic	anoxic
Candidatus_Babeliae	0.003654	0.003088	0.003096	0.003244	0.003135	0.004001	0.000869	0.004171	0.001707	0.005671	0.004624	0.002786	0.006166	0.005492	0.005618	0.003979	0.002942	0.001853	0.00214	0.000529	0.00581	0.004662	0.037259	0.001053	0.009084	0.001432	0.002931	0.006709	0.002216	0.002347	0.043175	0.010634	0.034742	0.03778	0.002576	0.013268	0.009401
Acidobacteriia	0.260844	0.313164	0.349272	0.313544	0.305642	0.30207	0.299456	0.376513	0.409053	0.403901	0.402192	0.40002	0.364562	0.390906	0.369544	0.137287	0.213431	0.149421	0.331516	0.051655	0.171838	0.138204	0.16988	0.201059	0.178702	0.391793	0.432107	0.435319	0.295534	0.243949	0.226108	0.270947	0.235546	0.230676	0.356767	0.327857	0.321599
Blastocatellia	0.017067	0.02197	0.024429	0.02115	0.020825	0.01955	0.025309	0.02933	0.032389	0.034815	0.042257	0.032916	0.041684	0.044912	0.043959	0.009789	0.016268	0.010949	0.028431	0.003237	0.014955	0.012388	0.015254	0.016407	0.015962	0.029889	0.032164	0.032406	0.020486	0.018424	0.022122	0.02386	0.021017	0.018706	0.028714	0.024689	0.024898
Holophagae	0.000285	0.000204	0.000407	0.000351	0.000324	0.000315	0.000092	0.000181	0.000107	0.000042	0	0.000069	0.000074	0	0.000079	0.000138	0.000116	0.000037	0.000219	0.000009	0.000174	0.000176	0.000322	0.000034	0.000017	0.000239	0.000102	0.00014	0.000139	0.00017	0.000032	0.000154	0.000016	0.000069	0.00007	0.000151	0.000195
Vicinamibacteria	0.077255	0.113297	0.134759	0.117453	0.115704	0.110028	0.129999	0.082155	0.126035	0.083557	0.064346	0.114743	0.050435	0.049468	0.05268	0.024236	0.043	0.031053	0.07133	0.00947	0.021674	0.019658	0.019616	0.063283	0.017203	0.160829	0.130231	0.084979	0.087052	0.073144	0.039661	0.035466	0.035569	0.035662	0.159472	0.062543	0.061028
Acidimicrobiia	0.157632	0.207668	0.17277	0.180026	0.317364	0.270045	0.137567	0.094829	0.131531	0.100861	0.134669	0.114778	0.094666	0.106463	0.100174	0.463205	0.369066	0.781329	0.222148	0.595092	0.03745	0.025518	0.046239	0.061313	0.039526	0.129848	0.117708	0.087535	0.148305	0.158126	0.069881	0.05289	0.054035	0.055416	0.098648	0.101488	0.078206
Actinobacteria	15.697736	19.495593	21.956793	20.301144	20.091216	17.806022	28.702531	24.628673	28.192425	25.521742	23.889215	26.253123	21.332781	21.065134	22.241279	8.088612	12.080025	10.04475	20.1394	10.166067	9.542939	6.998942	8.132262	49.826064	8.520712	25.662884	25.067168	21.298993	20.849416	20.828902	19.973743	14.589704	13.196493	13.569719	21.183738	20.237969	18.496448
Coriobacteriia	0.178611	0.208752	0.226791	0.209932	0.207461	0.196092	0.248036	0.32917	0.329387	0.383471	0.377542	0.320188	0.344329	0.353236	0.362669	0.111375	0.171055	0.119863	0.282515	0.667069	0.140229	0.111255	0.129	0.125887	0.162878	0.244737	0.279684	0.304735	0.222366	0.222606	0.212821	0.245065	5.591984	19.455337	0.217578	0.272419	0.287623
Nitriliruptoria	0.08279	0.10689	0.128329	0.112105	0.120953	0.107575	0.156948	0.122712	0.161999	0.138428	0.131752	0.145424	0.107626	0.111223	0.113923	0.052624	0.079136	0.072472	0.124257	0.102486	0.040357	0.030388	0.03844	0.069839	0.040646	0.143181	0.142145	0.106623	0.119348	0.137211	0.070229	0.067505	0.068017	0.058121	0.117385	0.094006	0.09099
Rubrobacteria	0.124816	0.162384	0.194561	0.173462	0.167311	0.151819	0.265859	0.247387	0.301267	0.308669	0.322266	0.289266	0.283224	0.286193	0.290858	0.058322	0.102009	0.07097	0.172432	0.041363	0.127003	0.102412	0.072272	0.124495	0.093531	0.254067	0.276931	0.240282	0.181529	0.178203	0.175383	0.169597	0.137906	0.113548	0.203338	0.192742	0.198359
Thermoleophilia	0.038138	0.054523	0.062692	0.05534	0.056519	0.048057	0.091808	0.05847	0.086122	0.07009	0.057446	0.076048	0.048847	0.0454	0.052248	0.016355	0.025021	0.020239	0.045714	0.013257	0.017082	0.01335	0.013612	0.033799	0.012377	0.078188	0.069772	0.051075	0.051056	0.053581	0.064571	0.045806	0.03305	0.027961	0.05546	0.050297	0.042589
Aquificae	0.055164	0.045422	0.045442	0.04527	0.042239	0.049555	0.022228	0.102899	0.063551	0.110159	0.136305	0.072059	0.182355	0.178591	0.168999	0.064785	0.060774	0.039603	0.047938	0.013919	0.225029	0.214913	0.158162	0.022317	0.175927	0.03998	0.069264	0.135036	0.04723	0.04355	0.137629	0.167127	0.138574	0.139068	0.04724	0.1446	0.16914
Armatimonadia	0	0.000008	0	0	0	0	0	0	0	0	0	0	0	0	0	0	0	0	0	0	0	0	0.000003	0	0	0	0	0	0	0.000005	0	0	0	0	0	0	0
Chthonomonadetes	0.008876	0.009447	0.011725	0.010323	0.009007	0.009568	0.006704	0.016456	0.012113	0.02139	0.017856	0.012623	0.016984	0.015622	0.01811	0.005079	0.006569	0.005097	0.009775	0.002483	0.009434	0.009053	0.009203	0.005333	0.010187	0.010872	0.014008	0.019048	0.007421	0.00736	0.012186	0.02082	0.016325	0.013883	0.012507	0.014656	0.018568
Fimbriimonadia	0.01698	0.020541	0.022124	0.019835	0.020117	0.019412	0.019295	0.028353	0.028921	0.031897	0.032618	0.027035	0.025328	0.029006	0.027067	0.008775	0.01313	0.010471	0.019516	0.003349	0.013486	0.011702	0.016321	0.012297	0.017289	0.021083	0.024716	0.028453	0.019219	0.018143	0.016417	0.020789	0.01921	0.014884	0.032274	0.021571	0.021928
Bacteroidia	0.804862	0.634667	0.594913	0.606322	0.580707	0.653854	0.29943	0.881726	0.596558	0.903034	1.007312	0.669956	1.133893	1.140215	1.090403	1.874978	1.238104	0.917171	1.334186	0.425082	0.971923	0.818496	2.089183	0.244743	1.402505	0.444132	0.620157	1.177211	0.782395	0.683216	1.129722	1.010912	1.039474	0.906368	0.563689	1.303125	1.454261
Chitinophagia	0.36635	0.317324	0.286858	0.299233	0.286426	0.333672	0.129406	0.369465	0.254791	0.38001	0.418839	0.281424	0.436817	0.463929	0.435108	0.555613	0.433218	0.380269	0.331979	0.108698	0.331066	0.271627	0.565761	0.115085	0.467467	0.200938	0.284836	0.510095	0.331257	0.290467	0.467916	0.421283	0.424602	0.3739	0.276481	0.532269	0.576843
Cytophagia	1.320175	1.153841	1.06329	1.080365	1.018531	1.16728	0.531498	1.126001	0.878295	1.173219	1.238127	0.961526	1.313147	1.344923	1.267691	1.850595	1.380314	1.375772	1.025329	0.383439	0.976099	0.818562	1.829446	0.433676	1.240368	0.755488	0.949871	1.487297	1.105068	1.009392	1.322623	1.201375	1.183999	1.076528	1.018449	1.475781	1.548288
Flavobacteriia	6.46156	3.789745	3.083089	4.523271	5.096092	5.836881	0.501462	2.023025	1.157738	1.939826	2.318002	1.438041	2.733292	2.761079	2.603697	39.465573	19.165934	34.656206	3.402564	5.06602	2.770409	2.482161	9.018299	0.68297	6.456834	0.993504	1.493772	3.147249	2.65969	2.907078	3.955683	3.13026	3.333177	3.020159	2.656047	4.357	3.787855
Saprospiria	0.038239	0.033362	0.028906	0.03075	0.030409	0.036183	0.012381	0.030289	0.023958	0.032481	0.035677	0.027413	0.034817	0.037427	0.038263	0.050681	0.043998	0.039835	0.034608	0.010118	0.031074	0.023024	0.063213	0.011617	0.038957	0.020275	0.027749	0.046243	0.035502	0.033165	0.035547	0.037302	0.040879	0.038517	0.028737	0.046089	0.047094
Sphingobacteriia	0.621981	0.487293	0.428523	0.460542	0.433212	0.515407	0.145599	0.513518	0.312472	0.505346	0.545611	0.372606	0.613818	0.639835	0.589376	1.130142	0.766504	0.769214	0.43715	0.197918	0.629537	0.50533	1.342014	0.149461	0.774262	0.250853	0.383359	0.748141	0.46936	0.411814	0.753215	0.669373	0.654662	0.598198	0.388737	0.826621	0.830999
Balneolia	0.014052	0.011427	0.009608	0.011178	0.009704	0.012032	0.003112	0.011625	0.007043	0.011716	0.013197	0.007808	0.017759	0.01912	0.016224	0.026471	0.018558	0.016995	0.010381	0.002655	0.01569	0.011891	0.0292	0.00394	0.020461	0.006308	0.008793	0.01827	0.010761	0.01162	0.013566	0.015665	0.015236	0.013745	0.009321	0.023198	0.022581
Caldisericia	0.003765	0.002923	0.002543	0.003112	0.002534	0.003094	0.001191	0.005645	0.003468	0.007922	0.007897	0.003474	0.00864	0.008543	0.008014	0.005475	0.004145	0.00284	0.002857	0.000685	0.032637	0.039438	0.014711	0.001495	0.010722	0.003021	0.003603	0.01228	0.003296	0.00275	0.009194	0.012161	0.011146	0.009209	0.00349	0.011196	0.008664
Calditrichae	0.018561	0.016514	0.017355	0.016142	0.014412	0.01688	0.00954	0.041471	0.02716	0.046782	0.049122	0.035806	0.055382	0.055774	0.049733	0.022896	0.033017	0.015059	0.042562	0.005236	0.067827	0.055305	0.064204	0.009783	0.039784	0.017942	0.033827	0.060719	0.034344	0.022673	0.025979	0.040528	0.036373	0.037469	0.022367	0.064816	0.072305
Candidatus_Marinamargulisbacteria	0	0.000008	0.000009	0	0	0.00001	0	0	0	0	0	0	0	0	0	0	0	0	0	0	0	0	0	0	0	0	0	0	0	0	0	0	0	0	0	0	0
Candidatus_Peribacteria	0.004537	0.004914	0.005922	0.005205	0.00514	0.00539	0.004328	0.007029	0.011205	0.008381	0.007968	0.010009	0.012922	0.010048	0.01426	0.001942	0.003539	0.002235	0.005031	0.000734	0.004098	0.00329	0.005075	0.003159	0.003654	0.005987	0.008882	0.009265	0.004537	0.004446	0.012713	0.007146	0.005699	0.006815	0.004989	0.006764	0.006169
Candidatus_Sumerlaeia	0.010784	0.012016	0.012503	0.011123	0.011049	0.011332	0.009147	0.021477	0.018516	0.020889	0.031373	0.020672	0.035925	0.039339	0.03838	0.007271	0.011142	0.006196	0.015109	0.001912	0.013724	0.012158	0.008763	0.007031	0.016979	0.012314	0.01619	0.026416	0.010791	0.009787	0.016991	0.015773	0.015433	0.012156	0.013069	0.018502	0.016898
Chlamydiia	0.074939	0.066559	0.065756	0.064798	0.059185	0.067598	0.021451	0.078997	0.04813	0.084349	0.075515	0.055996	0.092894	0.080712	0.084028	0.072967	0.063199	0.04816	0.051697	0.015328	0.082642	0.076435	0.136535	0.024525	0.101392	0.043534	0.05716	0.122597	0.049759	0.047201	0.302949	0.349657	0.228916	0.170748	0.05464	0.14982	0.119528
Chlorobia	0.142049	0.13883	0.136332	0.126976	0.128699	0.134683	0.089223	0.234531	0.166054	0.251213	0.270974	0.189898	0.296553	0.292336	0.291369	0.134855	0.176332	0.110229	0.224246	0.035426	0.233568	0.185387	0.307083	0.068956	0.282645	0.120537	0.169031	0.278499	0.165537	0.150267	0.187816	0.227225	0.197174	0.181373	0.148534	0.271408	0.338257
Anaerolineae	0.038965	0.042483	0.04209	0.039133	0.038876	0.04045	0.027266	0.085013	0.072035	0.223486	0.322764	0.107864	0.247152	0.288837	0.245564	0.051885	0.083415	0.033684	0.080793	0.009174	0.108495	0.087401	0.086382	0.020551	0.119801	0.035637	0.074378	0.145978	0.079253	0.058652	0.083326	0.142542	0.143178	0.080107	0.043328	0.166704	0.156718
Ardenticatenia	0.034162	0.040103	0.04643	0.040667	0.040606	0.039327	0.05166	0.082091	0.088523	0.17758	0.379143	0.110925	0.310841	0.358239	0.318199	0.01975	0.041993	0.020508	0.06378	0.00736	0.082836	0.066888	0.058124	0.028941	0.059608	0.057206	0.077918	0.104128	0.081439	0.063453	0.064144	0.071348	0.053668	0.041936	0.053142	0.092114	0.100441
Caldilineae	0.021843	0.024378	0.026515	0.024131	0.023612	0.02428	0.02467	0.045099	0.041834	0.085517	0.147901	0.049117	0.120585	0.139211	0.127437	0.016673	0.024959	0.014962	0.038147	0.006994	0.0416	0.034619	0.027863	0.016679	0.027718	0.028805	0.040577	0.05433	0.042927	0.030908	0.023819	0.045991	0.035519	0.024312	0.029393	0.044809	0.049567
Candidatus_Thermofonsia	0	0	0	0	0	0	0	0	0	0	0	0	0	0	0	0	0	0	0	0	0	0	0	0	0	0	0	0	0.000004	0	0	0	0	0	0	0	0
Chloroflexia	0.078478	0.08558	0.088173	0.083383	0.082821	0.084093	0.068845	0.130094	0.120059	0.184543	0.241984	0.128536	0.23194	0.23648	0.233386	0.053311	0.082443	0.053878	0.103646	0.021519	0.11361	0.090713	0.090721	0.046367	0.09591	0.093091	0.121984	0.158438	0.098242	0.080059	0.096371	0.155537	0.109432	0.090237	0.090825	0.13963	0.151828
Dehalococcoidia	0.035706	0.036544	0.045159	0.038607	0.031742	0.035908	0.031451	0.38916	0.124007	0.49217	0.266385	0.149792	0.300429	0.184327	0.256524	0.034842	0.05826	0.025665	0.067926	0.010621	0.068533	0.065242	0.076992	0.029451	0.093411	0.042872	0.122542	0.336722	0.054261	0.042554	0.144573	1.049573	0.34938	0.334473	0.060004	0.211176	0.256462
Ktedonobacteria	0.05059	0.052591	0.053363	0.053401	0.049085	0.049811	0.040582	0.089039	0.066486	0.116079	0.112188	0.07708	0.115379	0.10927	0.114355	0.034154	0.048304	0.033228	0.060806	0.011867	0.057327	0.046802	0.049276	0.028669	0.067434	0.053001	0.068338	0.100254	0.052804	0.045039	0.071146	0.109931	0.080198	0.078381	0.051502	0.089202	0.092408
Tepidiformia	0.023879	0.036501	0.046074	0.03624	0.038372	0.034498	0.055855	0.040512	0.066326	0.065336	0.045067	0.044473	0.044712	0.038159	0.044941	0.009437	0.017899	0.011637	0.035661	0.005832	0.012989	0.010334	0.010276	0.031013	0.010636	0.05099	0.078007	0.047142	0.022667	0.023479	0.057221	0.051208	0.034873	0.025831	0.048996	0.026326	0.029867
Thermoflexia	0.000115	0.000137	0.000215	0.000219	0.00018	0.000207	0.000138	0.000416	0.000427	0.000751	0.004019	0.000275	0.002732	0.003295	0.002986	0.000034	0.000169	0.000075	0.000135	0.000005	0.002424	0.001818	0.000237	0.00017	0.000207	0.000312	0.000305	0.000459	0.000221	0.000191	0.000495	0.00054	0.00029	0.000127	0.000164	0.000337	0.000558
Thermomicrobia	0.033923	0.045076	0.055983	0.046804	0.04553	0.039898	0.066428	0.073162	0.085268	0.112494	0.138261	0.083822	0.115638	0.122247	0.119934	0.01755	0.030378	0.019955	0.050112	0.008697	0.045758	0.038076	0.023011	0.040423	0.02889	0.066985	0.085911	0.082064	0.04942	0.043349	0.049829	0.070746	0.05196	0.037343	0.060917	0.056474	0.058717
Chrysiogenetes	0.013303	0.012555	0.011606	0.011945	0.011914	0.011766	0.007772	0.022925	0.017875	0.022599	0.026037	0.019949	0.032528	0.025507	0.02907	0.009497	0.015456	0.008513	0.025052	0.003682	0.012438	0.0104	0.01533	0.005163	0.020616	0.010789	0.015112	0.02398	0.017037	0.015674	0.012918	0.015896	0.014278	0.009785	0.011757	0.020442	0.020449
Coprothermobacteria	0.003006	0.002915	0.002666	0.002816	0.003051	0.002966	0.001323	0.005039	0.003202	0.007005	0.007576	0.003233	0.01008	0.008014	0.008328	0.003232	0.002745	0.002279	0.002579	0.000776	0.011043	0.01146	0.004535	0.001698	0.004172	0.002562	0.00368	0.006369	0.003158	0.002893	0.00511	0.009846	0.006509	0.007724	0.003185	0.006817	0.010836
Gloeobacteria	0.03612	0.043053	0.049759	0.043286	0.041567	0.039849	0.057925	0.053829	0.0675	0.063919	0.077863	0.061602	0.065646	0.069972	0.064818	0.017799	0.028863	0.020979	0.049143	0.00839	0.026073	0.022791	0.023524	0.030504	0.02777	0.061155	0.062882	0.055288	0.042715	0.043301	0.033681	0.035018	0.033477	0.030275	0.055039	0.04301	0.047005
Deferribacteres	0.042831	0.032934	0.030914	0.031725	0.031923	0.036371	0.011078	0.070665	0.036338	0.076094	0.103367	0.048807	0.119921	0.125827	0.111056	0.053732	0.050443	0.031823	0.04563	0.009629	0.119415	0.119607	0.134884	0.012976	0.163568	0.022166	0.042201	0.098816	0.038568	0.034823	0.078938	0.107724	0.110155	0.091193	0.031431	0.116334	0.143884
Deinococci	0.351503	0.429057	0.484126	0.44555	0.423857	0.396539	0.575805	0.658612	0.712134	0.789081	0.89555	0.691246	0.782992	0.843242	0.824608	0.193426	0.322402	0.223688	0.545642	0.132688	0.389444	0.293298	0.251108	0.292299	0.279543	0.575798	0.648325	0.64	0.510925	0.517058	0.389194	0.475176	0.388009	0.338145	0.498627	0.500753	0.524836
Dictyoglomia	0.010214	0.00852	0.00793	0.008734	0.008407	0.00879	0.002846	0.015533	0.006883	0.019972	0.02056	0.010319	0.026399	0.025182	0.024945	0.011852	0.010153	0.007003	0.008039	0.001728	0.050228	0.04812	0.033263	0.002921	0.032441	0.006262	0.00897	0.025438	0.007447	0.006592	0.037275	0.032178	0.031797	0.032243	0.00548	0.03027	0.031485
Elusimicrobia	0.005254	0.004733	0.004729	0.004515	0.004023	0.005006	0.001977	0.00731	0.004375	0.007714	0.005905	0.004643	0.007495	0.006468	0.007543	0.004392	0.004475	0.002952	0.004601	0.001365	0.007253	0.005851	0.009516	0.001868	0.008498	0.002746	0.005113	0.010762	0.004103	0.003789	0.009088	0.01352	0.01009	0.010659	0.004075	0.009231	0.008162
Endomicrobia	0.004643	0.003783	0.003549	0.003868	0.003639	0.003587	0.001226	0.007735	0.003842	0.009715	0.012201	0.005228	0.017944	0.016395	0.017363	0.005509	0.004706	0.003864	0.005014	0.001032	0.007842	0.007638	0.015975	0.001427	0.015859	0.002424	0.004682	0.010922	0.003756	0.003513	0.006981	0.017702	0.013747	0.010291	0.004427	0.01277	0.009937
Chitinispirillia	0.000005	0.000008	0	0	0	0	0	0	0	0	0	0	0	0	0	0	0	0	0	0	0	0	0	0	0	0	0	0	0	0	0	0	0	0	0	0	0
Chitinivibrionia	0.000023	0.000031	0.000018	0.000033	0.000036	0.000039	0.000015	0.000027	0	0.000042	0.000036	0.000103	0	0	0	0.000017	0.00008	0.000045	0.00011	0	0.000003	0	0.000038	0.000034	0.000017	0	0.000038	0.00002	0.000035	0.000005	0.000011	0.000015	0.000011	0	0.000023	0.000059	0.000006
Fibrobacteria	0.009579	0.009204	0.008542	0.008657	0.008287	0.008563	0.004716	0.010304	0.007577	0.011383	0.009177	0.00994	0.009821	0.010618	0.009703	0.008053	0.007907	0.005844	0.01023	0.003151	0.008411	0.007078	0.01348	0.003227	0.010687	0.006933	0.008361	0.013917	0.007391	0.007794	0.010811	0.011374	0.01396	0.009693	0.007424	0.012838	0.01399
Bacilli	4.594209	3.997048	3.802402	3.940049	3.712685	4.134378	1.877291	5.452928	3.598983	5.786081	5.962557	4.101148	6.914567	6.664652	6.62067	4.602875	4.189274	3.301084	3.865061	2.276025	5.720291	5.127778	9.062582	1.639489	9.06387	2.911304	3.953669	7.266548	5.061487	3.247836	8.894097	8.059673	8.211263	7.716288	3.589854	8.208825	7.703266
Clostridia	2.032457	1.671393	1.630934	1.678129	1.537171	1.737799	0.884321	3.13512	1.99484	3.591748	3.940251	2.334319	4.682114	4.567979	4.435544	2.72073	2.281309	1.510276	2.261523	4.503359	3.771117	3.619122	6.621667	0.7095	7.152476	1.324794	2.089365	4.162727	1.839612	1.64031	4.720499	5.072757	5.22814	4.827392	1.607292	5.007651	4.779006
Erysipelotrichia	0.072213	0.058884	0.056546	0.059132	0.05497	0.062424	0.024859	0.084217	0.049304	0.084683	0.086187	0.054826	0.101238	0.098733	0.096992	0.089365	0.069759	0.054349	0.057165	0.412023	0.086355	0.072327	0.187177	0.02123	0.197733	0.040053	0.055308	0.112094	0.053645	0.051101	0.147539	0.125041	0.130192	0.120558	0.054453	0.143384	0.127215
Limnochordia	0.016699	0.021864	0.026835	0.024043	0.021678	0.019915	0.039136	0.048726	0.053786	0.066879	0.082558	0.052935	0.067012	0.077416	0.070986	0.009643	0.018968	0.011158	0.036992	0.004358	0.035347	0.028636	0.01302	0.020007	0.025874	0.041018	0.049534	0.051415	0.030375	0.029292	0.02197	0.036315	0.026645	0.019834	0.032367	0.033886	0.039753
Negativicutes	0.186848	0.170189	0.167703	0.16349	0.157907	0.172462	0.100515	0.276156	0.195936	0.313923	0.320985	0.213768	0.357252	0.344733	0.338234	0.185004	0.194329	0.128495	0.227398	0.656814	0.268646	0.235637	0.36217	0.108224	0.383623	0.136551	0.192212	0.341115	0.176671	0.158809	0.298107	0.343869	0.310089	0.297177	0.156919	0.359153	0.36383
Thermolithobacteria	0	0.000004	0	0	0	0	0	0	0	0	0	0	0	0	0	0	0	0	0	0	0	0	0.000003	0	0	0	0.000025	0	0	0.000005	0	0	0.000005	0	0	0.00001	0
Tissierellia	0.070507	0.052791	0.050454	0.053543	0.049793	0.05664	0.01955	0.088732	0.050905	0.096066	0.088107	0.062221	0.121065	0.099303	0.108541	0.098673	0.071604	0.052338	0.05023	0.039048	0.147228	0.146349	0.273841	0.018377	0.278474	0.036298	0.057756	0.137972	0.050531	0.047456	0.19162	0.160213	0.182486	0.173787	0.050378	0.171977	0.155429
Fusobacteriia	0.200923	0.1394	0.132555	0.145222	0.125408	0.153169	0.039397	0.18803	0.10245	0.192298	0.230744	0.125372	0.309992	0.308445	0.282883	0.26066	0.167837	0.140446	0.154492	1.107546	0.346659	0.343576	1.048989	0.046537	0.729169	0.08074	0.139645	0.325501	0.120324	0.115619	0.619648	0.43738	0.51732	0.471527	0.131601	0.483179	0.333143
Gemmatimonadetes	0.127882	0.169313	0.207923	0.180059	0.149524	0.142507	0.213447	0.197095	0.267117	0.185835	0.136803	0.249092	0.117041	0.108131	0.123076	0.042456	0.073173	0.048355	0.117449	0.021242	0.045509	0.03297	0.039258	0.116852	0.042232	0.246785	0.268734	0.179064	0.160237	0.14862	0.098199	0.066595	0.064666	0.068043	0.227485	0.104943	0.106783
Ignavibacteria	0.032742	0.023294	0.030136	0.025621	0.020141	0.025728	0.006546	0.050283	0.030682	0.044239	0.05211	0.041068	0.070261	0.068345	0.067765	0.084354	0.135676	0.038841	0.032872	0.005473	0.056347	0.054223	0.146289	0.014233	0.071295	0.015426	0.054077	0.127569	0.048527	0.035173	0.049877	0.051084	0.052195	0.0508	0.090474	0.129769	0.108173
Kiritimatiellae	0.043695	0.046667	0.043234	0.037073	0.045386	0.047565	0.026147	0.075433	0.063338	0.089394	0.077116	0.065799	0.084513	0.089784	0.091806	0.047819	0.062352	0.055298	0.100107	0.005164	0.033366	0.028139	0.044292	0.01746	0.041922	0.038088	0.048672	0.082783	0.065026	0.060782	0.036274	0.052797	0.051379	0.043317	0.039136	0.079633	0.080483
Lentisphaeria	0.018956	0.021841	0.02265	0.020701	0.019841	0.019146	0.019463	0.042403	0.035164	0.048742	0.044178	0.034843	0.042053	0.040112	0.043173	0.012634	0.022677	0.013333	0.03872	0.00481	0.025744	0.022372	0.018739	0.011719	0.020358	0.023075	0.029233	0.042669	0.02576	0.028513	0.022254	0.033598	0.026333	0.023955	0.02157	0.036252	0.035767
Oligosphaeria	0	0	0	0	0	0	0	0	0	0	0	0	0	0	0	0	0	0	0	0	0	0	0	0	0	0	0	0	0	0	0	0	0	0	0	0.000005	0
Nitrospinia	0.009584	0.005334	0.00332	0.003825	0.001585	0.002936	0.000726	0.00085	0.001441	0.000459	0.000569	0.000929	0.000554	0.000976	0.000589	0.000516	0.000669	0.000284	0.000194	0.000105	0.000103	0.000148	0.000745	0.001902	0.000259	0.001836	0.00151	0.001977	0.000416	0.000864	0.001149	0.000617	0.000504	0.000564	0.00527	0.000914	0.000475
Nitrospira	0.136827	0.151809	0.168192	0.158131	0.13982	0.145088	0.16728	0.19563	0.224269	0.198552	0.228147	0.20737	0.233528	0.243844	0.232443	0.073396	0.110183	0.06689	0.155233	0.024726	0.204661	0.199184	0.115963	0.091885	0.158276	0.304111	0.219162	0.225846	0.131393	0.117076	0.157333	0.182267	0.158808	0.141843	0.165327	0.186633	0.196109
Candidatus_Brocadiae	0.024914	0.01816	0.013861	0.019999	0.013824	0.01615	0.00651	0.058036	0.0818	0.067254	0.068366	0.083753	0.103195	0.098489	0.096874	0.018616	0.021767	0.010366	0.026173	0.004118	0.053089	0.052606	0.061941	0.008866	0.116664	0.015105	0.091875	0.091309	0.025751	0.015711	0.071014	0.097816	0.072988	0.064072	0.018619	0.080786	0.135164
Phycisphaerae	0.134299	0.132549	0.172587	0.132159	0.12488	0.123735	0.160704	0.514387	0.435999	0.463901	0.305441	0.444046	0.352636	0.318982	0.356619	0.092553	0.127378	0.072241	0.180496	0.018232	0.09716	0.083079	0.154568	0.115255	0.127334	0.175548	0.321403	0.701738	0.142007	0.161024	0.380432	0.436022	0.387177	0.391305	0.204346	0.452162	0.446871
Planctomycetia	1.095998	1.361278	1.444143	1.270155	1.45626	1.489866	1.168794	1.615708	1.740369	1.717758	1.32442	1.719156	1.319903	1.241186	1.361501	0.673855	0.879245	0.859101	1.371751	0.290866	0.54783	0.448987	0.663764	0.834708	0.590544	1.466606	1.451914	1.774981	1.331819	1.112978	1.508263	1.138854	1.269803	1.373302	1.762384	1.358689	1.311142
Acidithiobacillia	0.089799	0.089465	0.082187	0.083208	0.086868	0.089473	0.048012	0.084172	0.069741	0.083307	0.102335	0.07285	0.103085	0.112891	0.101824	0.042113	0.081855	0.050305	0.108938	0.02143	0.063025	0.046604	0.059516	0.039539	0.091221	0.070465	0.073959	0.07843	0.084219	0.072418	0.058802	0.068601	0.059214	0.051824	0.073752	0.077801	0.093792
Alphaproteobacteria	17.510323	20.513861	22.333315	20.678434	22.145009	20.754536	32.36458	15.240158	21.812404	15.479751	13.968835	20.316872	13.347457	13.305586	13.516642	11.61837	14.949446	18.147163	14.37374	16.277537	6.327442	5.060683	7.010761	22.988378	12.85375	28.030197	24.36096	14.956215	18.332795	24.417538	13.398872	10.115852	10.020855	10.438084	28.276368	13.172738	12.747281
Betaproteobacteria	9.728496	10.739647	10.862552	10.345496	10.346524	10.147239	11.119088	9.35402	10.565903	9.162265	9.124426	10.072929	8.604496	8.672883	8.799119	4.12891	6.943298	5.180141	9.524252	5.342593	4.5059	3.504708	4.984411	6.760103	5.250425	11.038784	10.422008	8.674217	10.628156	10.495323	14.006129	23.630919	21.558752	10.893208	10.506899	7.58626	7.955139
Deltaproteobacteria	3.620637	3.81593	3.988946	3.599569	3.606865	3.583912	4.164022	7.014409	6.060184	7.503506	8.372117	6.766249	9.491644	9.811105	9.301128	2.954756	7.401617	2.352493	13.667573	1.140371	40.801769	51.958922	5.526181	2.186178	12.534148	4.531108	5.288827	6.563852	7.076365	5.629395	3.207842	4.44081	3.739269	3.482431	3.454623	7.699833	9.629419
Epsilonproteobacteria	2.642326	0.516711	0.45849	0.536791	0.469254	0.532148	0.159549	0.706135	0.3542	0.801214	1.014141	0.455431	0.980448	1.107263	0.911386	2.063729	1.062031	0.661407	0.661329	0.264193	2.044763	1.678139	11.507649	0.166174	5.218001	0.299776	0.433832	0.923131	0.463322	0.439691	1.35161	1.111491	1.151721	1.032866	0.425179	1.231086	1.171372
Gammaproteobacteria	28.872446	26.756998	23.065059	25.96423	24.543957	26.541616	13.859555	20.671781	16.151722	17.200928	18.088999	17.663018	18.152409	18.259468	17.99807	13.963927	22.506439	15.957245	22.073207	48.642937	13.411208	10.499391	23.375547	10.678877	21.082285	17.096046	16.99708	18.609187	24.165698	22.248105	17.717217	16.486982	16.2014	14.73378	19.266239	18.624234	19.830652
Hydrogenophilalia	0.012618	0.014244	0.014062	0.013501	0.014064	0.013766	0.010572	0.010395	0.011259	0.011883	0.019279	0.011866	0.015433	0.019486	0.01536	0.005449	0.009244	0.006958	0.012876	0.003496	0.006633	0.005562	0.007212	0.008662	0.009326	0.013168	0.012041	0.011201	0.012331	0.012881	0.007271	0.009646	0.007451	0.005848	0.013912	0.010126	0.010367
Oligoflexia	0.12273	0.106977	0.098769	0.106451	0.101292	0.111605	0.037337	0.114117	0.070381	0.111326	0.116741	0.085542	0.141446	0.14035	0.140754	0.121714	0.107411	0.092151	0.086389	0.033162	0.117974	0.102428	0.204861	0.039743	0.167877	0.062036	0.076357	0.144521	0.087204	0.076366	0.144457	0.155151	0.150284	0.149785	0.080614	0.171225	0.168375
Zetaproteobacteria	0.051712	0.039463	0.030777	0.030366	0.033268	0.040204	0.011686	0.03398	0.021664	0.026768	0.032476	0.026347	0.036294	0.033237	0.034491	0.022371	0.044328	0.020837	0.037776	0.007344	0.023701	0.017732	0.039088	0.013384	0.058591	0.018906	0.022039	0.031668	0.035662	0.03273	0.021912	0.025295	0.02388	0.019017	0.026091	0.034018	0.046625
Rhodothermia	0	0	0	0	0	0	0.000005	0	0	0	0	0	0	0	0	0	0	0	0	0	0	0	0	0	0	0.000009	0	0	0	0.000011	0	0	0	0	0	0	0
Spirochaetia	0.350988	0.291881	0.281096	0.284658	0.266874	0.302859	0.131271	0.453266	0.272079	0.489043	0.507373	0.334771	0.62519	0.58638	0.590005	0.429584	0.357513	0.247514	0.342495	0.085064	0.519968	0.481482	1.101944	0.113387	0.737201	0.205648	0.312458	0.627561	0.299498	0.272701	0.811079	0.877244	0.682824	0.610112	0.264841	0.762186	0.713448
Synergistia	0.035132	0.037471	0.040737	0.039144	0.037363	0.037859	0.03651	0.087357	0.070648	0.114787	0.12229	0.074054	0.123465	0.123956	0.119423	0.029754	0.043936	0.024671	0.062474	0.072687	0.098275	0.084538	0.054333	0.019804	0.068485	0.047849	0.065166	0.094523	0.048774	0.044308	0.056541	0.093757	0.082755	0.068216	0.04012	0.089959	0.09722
Mollicutes	0.322581	0.230424	0.225506	0.24432	0.206404	0.251323	0.063479	0.281575	0.14375	0.269142	0.274424	0.18522	0.357731	0.33318	0.327942	0.368529	0.239263	0.212006	0.176358	0.076544	0.431839	0.422959	1.143032	0.071741	0.936244	0.126313	0.186008	0.480385	0.184969	0.199715	0.900801	0.668679	0.674754	0.624858	0.213784	0.693876	0.409016
Thermodesulfobacteria	0.043741	0.037279	0.037302	0.038333	0.03573	0.038933	0.021359	0.112235	0.065098	0.127087	0.204244	0.084475	0.200299	0.250556	0.194887	0.047054	0.059829	0.029984	0.070058	0.008664	1.852743	1.067943	0.131982	0.017018	0.218366	0.044149	0.072779	0.131662	0.057419	0.047551	0.096503	0.163392	0.12486	0.120455	0.037356	0.14655	0.191794
Thermotogae	0.107381	0.089488	0.09126	0.09112	0.081043	0.09308	0.039019	0.165929	0.096207	0.196426	0.220926	0.116876	0.263951	0.268212	0.253813	0.134494	0.11825	0.080305	0.108095	0.024593	0.462424	0.43545	0.548951	0.038316	0.313139	0.067812	0.108648	0.232675	0.091116	0.077219	0.278429	0.290023	0.323858	0.274891	0.09017	0.277917	0.277809
Methylacidiphilae	0.014443	0.012743	0.011556	0.012328	0.012142	0.013795	0.005043	0.017334	0.011099	0.019764	0.029168	0.013173	0.037918	0.038362	0.034138	0.013227	0.01182	0.010007	0.011696	0.002154	0.030965	0.031228	0.02652	0.004348	0.028528	0.009081	0.011749	0.025658	0.010852	0.010174	0.020537	0.023628	0.021789	0.019707	0.011312	0.026776	0.030888
Opitutae	0.191049	0.221912	0.227459	0.203138	0.222377	0.226767	0.200249	0.258867	0.276402	0.279274	0.257884	0.273582	0.257638	0.241647	0.259902	0.142607	0.18062	0.184174	0.265561	0.037042	0.102816	0.083591	0.140416	0.112164	0.134385	0.223912	0.242939	0.267517	0.229917	0.253689	0.148814	0.17736	0.148324	0.143742	0.202706	0.224297	0.238011
Spartobacteria	0.002556	0.00249	0.002533	0.002257	0.002534	0.003065	0.001063	0.003094	0.002828	0.003336	0.002597	0.002064	0.00432	0.002888	0.003496	0.00318	0.002576	0.00343	0.002545	0.000354	0.005707	0.004303	0.004908	0.000645	0.002844	0.002204	0.003185	0.004073	0.002017	0.001945	0.002808	0.003719	0.00554	0.003845	0.002178	0.003401	0.003662
Verrucomicrobiae	0.086444	0.098633	0.098279	0.089421	0.116113	0.117961	0.076867	0.114778	0.111361	0.127045	0.144522	0.111373	0.132696	0.135225	0.135412	0.10792	0.098729	0.157486	0.126709	0.418178	0.059922	0.055343	0.061815	0.051292	0.078224	0.091612	0.100388	0.127569	0.096117	0.104348	0.079301	0.087661	0.082683	0.074801	0.092324	0.105725	0.10465