CAZyme	ART45	ART46	ART47	ART48	ART49	ART50	CIGOMA4	CIGOMD18	DELGOM54	DELGOM55	DELGOM56	DELGOM57	DELGOM58	DELGOM59	DELGOM60	DSANT06	DSANT08	DSANT09	DSANT11	DSANT95	GBGOC44	GBGOC45	GBGOC47	GYRPAC92	HRSPAC47	HRSPAC64	HRSPAC65	KJGOM4	KJGOM5	KJGOM6	KOR52	KOR58	LOKART30	LOKART60	LOKART62	LOKART95	MARPAC23	SMMPAC33	SMMPAC46
AA10	0.23658	0.0687547	0	0.628603	0.442565	0.339995	0	0	0	0	0	0	0	0	0	0	0	0.921265	0	0	0	0	0	0	0	0	0	0.258772	0	0	0.125763	0	0.271405	0	0.0869195	0	0	0	0
AA12	2.68124	2.47517	2.06538	0.209534	1.32769	1.52998	3.01063	0.714124	0	0	0	0	0	0	0	3.94823	2.4937	3.99215	0.370705	6.25198	0	0	0.161148	0	0	0	0	2.32895	2.75066	0.895592	2.64101	1.69911	1.49273	0.301504	0.434597	0.281728	9.15909	0.162883	0
AA15	0	0	0	0	0	0	0	0	0	0	0	0	0	0	0	0	0	0	0	0	0	0	0	0	0	0	0	0	0	0	0	0	0	0	0	0	0	0.0814416	0
AA1_2	0.0788599	0.206264	0	0	0	0.679991	0	0	0	0	0	0	0	0	0	0	0	0	0	0	0	0	0	0	0	0	0	0	0	0	0	0	0.135703	0	0	0	0	0	0
AA1_3	0.23658	0.137509	0.0860576	0.419069	0.442565	0.339995	0.821082	0.952165	0	0	0	0	0	0	0	0.35893	0	0.307088	0.370705	5.86123	0.686195	0.257941	0.161148	0	0	0	0	0.258772	0	0	0.628813	1.13274	0	0	0.0869195	0.140864	1.30844	0	0.237856
AA2	0.867459	0.962566	0.0860576	0.419069	0.442565	1.18998	0	0	0	0	0	0	0	0	0	0.71786	2.4937	3.07088	2.22423	3.12599	0	0	0	0	0	0	0	0.258772	0	0	6.41389	7.92919	0.135703	0	0.0869195	0	0	0	0
AA3	0	0.687547	0.946634	0.209534	0	0	0.547388	0.238041	0	0	0	0	0	0	0	0	0	0.921265	1.85353	4.29824	0.457463	0.257941	0.805739	0	0.799006	0.43765	0.942847	1.03509	0.825197	0.298531	0.754575	0.56637	1.22132	0	0.173839	0	1.96266	0.162883	0.237856
AA3_1	0	0	0	0	0	0.169998	0	0	0	0	0	0	0	0	0	0	0	0	0	0	0	0	0	0	0	0	0	0	0	0	0	0	0	0	0	0	0	0	0
AA3_2	2.83896	2.75019	3.18413	1.04767	1.54898	2.37997	5.20019	0	0	0	0	0	0	0	0	2.51251	3.56243	4.91341	0.370705	6.25198	0	0	0.644591	0.472032	0	0.218825	0	4.14035	2.20053	0	2.38949	4.53096	1.22132	0	0.173839	0.845185	6.54221	0.162883	0
AA4	0.15772	0.0687547	0.0860576	0	0	0	0	0	0	0.367124	0	0	0.547377	0.663065	0.602881	0	0.712486	0	0	1.17225	0.228732	0.257941	0	0	0.799006	0	0	0	0	0	0.251525	0	0	0.301504	0.173839	0.140864	0	0.162883	0.237856
AA5	0	0.137509	0.430288	0	0	0.169998	0.547388	0	0	0	0	0	0	0	0	0	0	0	0.370705	1.17225	0	0	0	0	0	0	0	0.517544	0	0	0	1.13274	0.135703	0.301504	0.0869195	0.140864	0	0	0
AA5_2	0.15772	0.137509	0.0860576	0	0	0	0	0	0	0	0	0	0	0	0	0	0	0.614177	0	0	0	0	0	0	0	0	0	0	0	0	0.251525	0	0	0	0	0	0	0	0
AA6	1.65606	1.37509	1.29086	2.72395	2.21282	1.86998	2.46325	1.90433	1.71005	2.20274	0.507118	1.48274	0	0	1.20576	1.43572	0.712486	1.84253	1.11212	0.390749	1.37239	1.80559	1.28918	0	0	0.8753	1.88569	3.10526	1.37533	1.19412	1.76068	1.13274	1.62843	3.01504	2.43374	2.39469	1.30844	1.30307	2.1407
AA7	10.5672	12.1008	9.38028	6.0765	9.29386	7.8199	7.66343	0.952165	1.14003	0	0	2.22411	0.547377	0	0	2.15358	5.69989	7.67721	2.96564	0.781498	0	0	0.161148	0.708048	0	0.218825	0.942847	8.79824	5.22625	0.895592	4.52745	20.9557	0.54281	0	0.608436	0.422592	14.3929	0.244325	0.237856
CBM11	0.0788599	0.137509	0	0	0.221282	0.169998	0	0	0	0	0	0	0	0	0	0	0	0.921265	0	0	0.686195	1.03176	0.161148	0	0	0	0	0	0	0	1.0061	2.26548	0.271405	0	0	0	0	0.162883	0
CBM13	0.0788599	0.275019	0.172115	0.419069	0.442565	0.169998	0.273694	0	0	0	1.52135	0	2.18951	0	0	0.35893	1.06873	1.84253	0.74141	2.34449	0.457463	0.773822	2.73951	0	1.59801	0.8753	0	0	0	0	1.88644	1.13274	0.407108	0	0.434597	0.281728	0	0.814416	0.475711
CBM16	0	0	0.0860576	0	0	0	0	0.238041	0.570015	0.734247	0.507118	0.370685	0	0	0.602881	0.71786	0.356243	0.614177	0.370705	0.781498	2.51605	4.64293	0.644591	0	0.799006	0.656475	0	0	0.550131	1.49265	1.0061	0	2.30694	1.20602	2.34683	1.69037	0	1.38451	1.18928
CBM2	0	0	0.0860576	0	0.442565	0	0	0	0	0	0	0	0	0	0	0	0	0	0	0	0.457463	0.257941	0.805739	0	0	0	0	0.258772	0	0	0	0	0.814216	0	0.260758	0.140864	0	0.244325	0
CBM20	0	0.0687547	0	0	0	0	0.273694	0	0	0	0	0	0.547377	0	0	0	0	0.921265	1.11212	0	0.457463	0.773822	1.12803	0	0.799006	0.43765	0	0	0.275066	0.298531	0.377288	0	0	0	0	0	0	0	0
CBM21	0	0	0	0	0	0	0	0	0	0	0	0	0	0	0	0	0	0	0	0	0	0	0.644591	0	0	0	0	0	0	0	0	0	0	0	0	0	0	0	0
CBM22	0	0	0	0	0	0	0	0.238041	0	0.367124	0	0	0	0	0	0	0.356243	0	0.370705	1.17225	0.914926	0.773822	0.644591	0	0	0	0	0	0	0.597061	0	0.56637	0.407108	0.603008	0.434597	0.563456	0	0.244325	0.475711
CBM23	0	0	0	0	0	0	0	0	0	0	0	0	0.547377	0.663065	1.20576	0	0	0	0	0	0.228732	0.773822	0.644591	0	3.99503	0.8753	3.77139	0.258772	0	0	0	0	0	0.301504	0	0	0	0.244325	0.713567
CBM25	0	0	0	0	0	0	0	0	0	0	0	0	0	0	0	0	0	0	0	0	0.228732	0	0	0	0.799006	0.218825	0	0	0	0	0	0	0	0	0	0	0	0	0
CBM26	0	0	0	0	0	0	0	0	0	0	0	0	0	0	0	0	0	0	0.370705	2.73524	0	0.515882	0.483443	0	0	0	0	0	0	0	0	0	0	0	0	0	0	0	0
CBM28	0	0	0	0	0	0	0	0	0	0	0	0	0	0	0	0	0	0	0	0	0	0	0	0	0	0	0	0	0	0	0	0	0.135703	0	0	0	0	0	0
CBM3	0	0	0	0	0	0	0	0	0	0	0	0	0	0	0	0	0	0	0	0	0	0	0	0	0	0	0	0	0	0	0	0	0	0	0.173839	0.140864	0	0	0
CBM30	0	0	0	0	0	0	0	0	0	0	0	0	0	0	0	0	0	0	0	0	0.228732	0	0	0	0	0	0	0	0	0	0	0	0	0	0.0869195	0	0	0	0
CBM32	0.709739	1.03132	0.774519	0.838138	0.885129	0.849989	0.547388	3.09454	0.570015	1.10137	1.52135	0.741369	3.83164	1.32613	4.82305	6.10181	6.05613	5.83468	2.59494	14.8485	8.46307	7.73822	6.92936	0	15.1811	7.44005	5.65708	0	1.10026	5.07502	3.52135	1.69911	13.8417	5.12556	8.60503	6.05716	0	4.56073	3.32998
CBM34	0	0	0	0	0	0	0	0	0	0	1.01424	0	0	0	0	0	0	0	0	0	0.457463	0.515882	0.805739	0	0	0	0	0	0	0.298531	0	0	0.135703	0	0.173839	0	0	0.0814416	0
CBM35	0.47316	0.275019	0	0	0.442565	0	0	0	0.570015	0	0	0	0	0	0	3.23037	0.356243	0.614177	0.370705	1.563	0.457463	0.257941	0.805739	0	0	0	0	0	0.275066	0.298531	0.251525	1.13274	1.49273	0.301504	0.608436	0.845185	0	0.732974	0.237856
CBM35inCE17	0	0	0	0	0	0	0	0	0	0	0	0	0	0	0	0	0	0	0	0	0.228732	0.257941	0.644591	0	0	0	0	0	0	0	0	0	0.271405	0	0	0	0	0	0
CBM38	0.55202	0.825057	1.11875	0.209534	0.221282	0.509993	0	4.52279	2.28006	4.03836	0.507118	1.11205	0.547377	1.32613	1.80864	2.87144	1.42497	2.45671	5.18987	1.563	6.86195	5.93264	12.5695	0.472032	5.59304	2.40707	0.942847	0.258772	1.92546	6.86621	1.76068	0	6.51373	4.22105	5.73668	5.35284	2.61688	7.32974	4.75711
CBM39	0	0	0	0	0	0	0	0	0	0	0	0	0	0	0	0	0	0	0	0.390749	0	0	0	0	0	0	0	0	0	0	0	0	0	0	0	0	0	0	0
CBM4	0.23658	0.343774	0	0.209534	0.442565	0.509993	0	3.57062	0.570015	3.30411	0.507118	0.741369	2.73689	0	1.20576	6.46074	3.56243	2.14962	1.11212	1.17225	3.65971	4.64293	4.99558	0.236016	5.59304	1.53177	1.88569	0	4.95118	4.77649	1.38339	1.69911	1.76413	6.33158	4.17213	4.22592	1.30844	2.68757	2.61641
CBM40	0	0	0	0	0	0	0	0	0	0	0	0	0	0	0	0	0	0	0	0	0.228732	0	0.483443	0	0.799006	0	0	0	0	0	0	0	0.135703	0	0.0869195	0	0	0	0
CBM41	0.31544	0	0	0.628603	0	0.169998	0	0.238041	0.570015	0.734247	1.01424	0	0.547377	0.663065	1.20576	0	1.06873	0.614177	0.74141	1.95374	1.82985	2.06353	5.15673	0	12.7841	1.31295	0	0	0	0	0.377288	2.83185	0	0	0	0	0	1.22162	0.713567
CBM42	0	0.0687547	0.172115	0	0	0	0	0	0	0	0	0	0	1.32613	0.602881	0	0	0	0	0	0	0	0.161148	0	0.799006	0.656475	0	0	0	0	0.377288	0	0	0	0	0	0	0.325766	0.713567
CBM44	2.91782	2.1314	1.03269	1.46674	1.54898	1.69998	1.64216	6.66516	2.28006	2.20274	12.6779	1.85342	18.6108	23.2073	16.2778	1.79465	4.63116	1.53544	8.89692	0.781498	58.3265	62.4217	12.0861	0.708048	20.7742	13.786	8.48562	0.776315	2.75066	2.38825	6.79118	4.53096	4.07108	5.42707	4.25905	4.93024	0	9.2029	2.1407
CBM45	0	0	0	0	0	0	0	0	0	0	0	0	0	0	0.602881	0	0	0	0	0	0	0	0	0	0	0	0	0	0	0	0	0	0	0	0	0	0	0	0
CBM47	0.31544	0.618793	0.516346	0.419069	0	0.169998	0	2.61845	0	1.46849	0.507118	1.48274	1.09475	0.663065	0	1.07679	1.78122	2.7638	1.11212	0.781498	1.82985	2.32147	0.322296	0.708048	0	1.31295	0.942847	0	1.10026	3.8809	1.76068	1.69911	4.34248	1.50752	4.34597	3.38074	0	3.09478	2.37856
CBM48	0.23658	0.206264	0.430288	0	0.221282	0.169998	0	0.238041	0.570015	0	0	0.741369	0	0	0	1.07679	0.712486	0.307088	1.11212	1.95374	0.686195	0.515882	1.12803	0.236016	0.799006	0	0	0.258772	0	0.298531	0.50305	2.26548	0.407108	0	0.260758	0.140864	0	0.0814416	0
CBM5	0.0788599	0	0	0	0	0	0	0	0	0	0	0	0	0	0	0	0	0	0	0	0	0	0.322296	0	0	0	0	0	0	0	0	0	0	0	0	0	0	0	0
CBM50	0.788599	1.99389	1.11875	1.46674	1.32769	1.86998	1.64216	2.8565	3.42009	7.7096	16.7349	3.33616	14.2318	20.555	18.0864	3.23037	2.4937	2.45671	2.22423	1.95374	33.1661	29.4052	12.5695	0	3.99503	3.5012	1.88569	1.8114	2.75066	1.19412	3.39559	5.09733	1.35703	3.01504	3.47678	1.40864	2.61688	4.39784	4.2814
CBM51	0.23658	0.756302	0.946634	0.419069	0.221282	0.169998	0.273694	5.71299	0.570015	1.83562	3.04271	0.741369	1.64213	1.32613	1.80864	4.30716	1.06873	1.84253	3.33635	1.563	11.4366	7.73822	4.18984	0.236016	0	1.96942	0.942847	0.776315	0.550131	3.58237	1.13186	0	8.27786	3.31654	5.21517	3.80333	0.654221	4.64217	2.1407
CBM53	0	0	0	0	0	0	0	0	0	0	0	0	0	0	0	0	0.356243	0.307088	0	0	0.457463	0.515882	0.644591	0	0	0	0	0	0	0	0	0	0	0	0	0.140864	0	0.0814416	0
CBM54	0	0	0	0	0	0	0	0	0	0	0	0	0	0	0	0	0	0	0	0	0	0	0.805739	0	5.59304	0	0	0	0	0	0	0	0	0	0	0	0	0	0.237856
CBM56	0	0	0	0	0	0	0	0	0	0	0	0	0	0	0	0	0	0	0	0	0	0	0	0	0.799006	0	0	0	0	0	0	0	0	0	0	0	0	0	0
CBM57	2.7601	2.40642	1.46298	1.25721	1.99154	2.88996	1.91586	1.90433	0	1.10137	1.01424	0.370685	1.09475	0	1.80864	6.81967	3.91868	9.21265	6.30199	13.2855	6.40448	4.64293	4.99558	0.236016	0.799006	1.09412	0	1.03509	0.825197	1.19412	5.78508	4.53096	3.93538	0.904511	3.30294	2.11296	0	2.76901	1.18928
CBM6	0.55202	0.618793	0.516346	1.04767	0.442565	0.339995	0	0	0	0.367124	0.507118	0	0	0.663065	0.602881	6.46074	3.56243	5.2205	4.81917	2.34449	1.37239	1.2897	4.18984	0.236016	1.59801	0.43765	0	0	0	0.298531	1.25763	0	2.44265	0	0.521517	0.986049	0	0.732974	0.237856
CBM61	0.0788599	0	0	0	0	0	0	0	0	0	0	0	0	0	0	0	0	0	0	0.390749	0.457463	0.515882	0	0	0	0.218825	0	0	0	0.298531	0	0	0.135703	0	0	0	0	0.0814416	0
CBM62	0.0788599	0	0	0	0	0	0	0	0	0	0	0	0	0	0	0	0	0	0	0	0	0	0	0	0	0	0	0	0	0	0	0	0	0	0	0	0	0	0
CBM63	0	0	0	0	0	0	0	0	0	0	0	0	0	0	0	0	0	0	0	0	0	0	0.161148	0	0	0	0	0	0	0	0.125763	0	0	0	0	0	0	0	0
CBM66	0.709739	0.825057	1.11875	0.419069	0	0.679991	0.273694	2.14237	0	0	1.01424	0.370685	2.73689	1.9892	0.602881	3.23037	1.42497	1.84253	0.370705	0.781498	9.83546	9.02793	6.92936	0	0.799006	2.18825	0.942847	1.03509	2.20053	1.19412	0.754575	0	3.25686	3.01504	3.21602	2.11296	1.30844	1.71027	1.66499
CBM67	2.83896	2.75019	2.2375	1.25721	1.54898	2.37997	1.36847	2.8565	2.28006	1.10137	2.02847	2.22411	1.09475	0.663065	0.602881	32.3037	13.5372	15.0473	5.18987	5.07974	16.0112	9.02793	19.66	0.708048	3.19602	12.9107	1.88569	1.8114	4.95118	6.56768	12.8278	5.09733	20.084	6.93459	14.5156	8.45185	4.57955	13.275	9.51423
CBM69	0	0	0.0860576	0	0	0	0	0	0	0	0	0	0	0	0	0	0	0	0	0	0	0	0.644591	0	0	0	0	0	0	0	0	0	0	0	0	0	0	0	0
CBM70	0	0	0	0	0	0	0	0	0	0	0	0	0	0	0	0	0	0	0	0	0	0	0	0	0	0.218825	0	0	0	0	0	0	0	0	0	0	0	0	0
CBM73	0.0788599	0.0687547	0	0	0	0.169998	0	0.238041	0	0	0	0	0	0	0	0	0	0	0	0	0	0	0	0	0	0	0	0	0	0	0	0	0	0	0.0869195	0	0	0	0
CBM74	0	0	0	0	0	0	0	0	0	0	0	0	0	0	0	0	0	0	0	0.390749	0	0	0.322296	0	0	0	0	0	0	0	0	0	0	0	0	0	0	0	0
CBM8	0	0	0	0	0.221282	0	0	0	0	0	0	0	0	0	0	0	0.356243	0.307088	1.48282	0	0.686195	0.515882	0	0	0.799006	0	0.942847	0	0	0	0.251525	0	0	0.603008	0.0869195	0	0	0.162883	0
CBM82	0	0	0	0	0	0	0	0	0	0	0	0	0	0	0	0	0	0	0	0.390749	0	0	0	0	0	0	0	0	0	0	0	0	0	0	0	0	0	0	0
CBM83	0	0	0	0	0	0	0	0	0	0	0	0	0	0	0	0	0	0	0	0.390749	0	0	0	0	0	0	0	0	0	0	0	0	0	0	0	0	0	0	0
CBM85	0.15772	0.137509	0.0860576	0	0	0	0	0.476083	0	0.367124	0.507118	0	0	0	0	3.23037	1.42497	3.07088	0	0.390749	1.60112	1.2897	1.45033	0	0.799006	1.31295	0	0	0.275066	0.597061	0.628813	0.56637	0.678513	1.20602	0.434597	0.845185	0	0.244325	0.237856
CBM86	0	0	0	0	0	0	0	0	0	0	0	0	0	0	0	0	0	0	0	0.390749	0	0	0	0	0	0	0	0	0	0	0	0	0	0	0	0	0	0	0
CBM87	0	0	0	0	0	0	0	0	0	0	0	0	0	0	0	0	0	0	0	0	0	0	0	0	0	0	0	0	0	0	0	0	0	0	0.0869195	0	0	0	0
CBM9	26.6547	29.9771	27.7106	12.7816	18.3664	20.7397	12.0425	20.7096	3.42009	18.7233	13.1851	8.52575	8.21066	10.609	5.42593	77.1699	58.0676	63.2602	38.1826	21.8819	54.2094	45.6555	49.9558	0.944064	13.5831	30.4167	11.3142	25.1009	25.306	19.703	38.9864	28.3185	22.798	36.1805	33.9855	21.5522	56.263	35.3456	23.7856
CE1	31.4651	33.071	29.4317	18.439	22.3495	29.9196	13.1373	18.3292	3.99011	8.81097	13.6922	9.26712	8.75804	11.9352	11.4547	132.445	87.9921	111.166	63.3906	76.5868	48.0336	37.1435	66.2318	1.18008	31.1612	58.8639	14.1427	16.3026	23.9307	18.2104	52.8203	40.2123	34.6042	18.3917	28.5965	24.6512	43.1786	51.5525	30.4455
CE11	1.5772	1.30634	1.03269	0.838138	1.54898	1.18998	1.36847	1.19021	1.14003	0.367124	0.507118	0.741369	1.09475	0.663065	0.602881	0.35893	1.06873	0	1.48282	0.781498	0	0.257941	0.805739	0.472032	0	1.09412	0	2.32895	0.550131	0.597061	0.50305	0.56637	0.814216	0	0.782275	0.845185	4.57955	0.407208	0.475711
CE12	0.3943	0.618793	0.172115	0.209534	0.663847	1.01999	0	0.238041	0	0	0	0	0	0	0	1.79465	1.42497	2.45671	1.85353	1.95374	0	0.257941	0.966887	0	0	0	0	0	0	0	2.0122	3.96459	1.35703	0.603008	0.869195	0.422592	0	0.570091	0
CE13	2.91782	3.02521	1.80721	1.04767	0.885129	2.20997	1.09478	0	0.570015	0	0	0	0	0	0	1.07679	4.98741	2.45671	5.56058	1.563	0	0.257941	0	0	0.799006	0.218825	0.942847	0.517544	0	0	5.53355	8.49556	0.271405	0	0.347678	0.140864	0.654221	0.732974	0.475711
CE14	5.1259	4.74408	6.11009	1.67628	3.7618	4.24994	5.74757	4.99887	2.85008	4.03836	2.53559	2.22411	2.18951	0.663065	1.80864	25.484	19.5934	23.9529	10.3797	20.3189	3.43097	3.35323	2.57836	0.236016	7.19105	5.47062	1.88569	4.39912	5.77638	5.67208	12.3247	4.53096	9.63489	5.12556	7.30123	5.07111	14.3929	7.89983	5.94639
CE15	0.788599	1.37509	1.72115	0.209534	0.442565	1.35998	0.273694	2.8565	0.570015	1.10137	1.01424	0.370685	0.547377	0.663065	0.602881	3.94823	3.91868	5.2205	3.33635	3.90749	3.20224	1.80559	1.93377	0	0	2.40707	0	0	1.92546	5.07502	3.64711	0.56637	7.59935	2.71353	4.51981	4.50765	3.2711	3.66487	2.61641
CE16	1.89264	1.92513	0.946634	0.419069	0.663847	1.52998	0.547388	0	0	0	0	0	0	0	0	0.71786	1.78122	3.99215	2.22423	8.98723	1.60112	1.54764	1.93377	0	2.39702	1.53177	2.82854	0.776315	0.550131	0	3.77288	4.53096	0.271405	0	0.173839	0.140864	0	0.162883	0.713567
CE17	0.0788599	0.275019	0.0860576	0	0	0.339995	0	0.714124	0.570015	0.734247	0.507118	0.370685	0	0	0	2.51251	0.712486	1.22835	1.48282	2.73524	0.914926	0.773822	3.3841	0	0	0.656475	0	0	0	0.298531	0.628813	0	1.22132	0	0.956114	0.845185	0	0.895857	0
CE18	0	0	0	0	0	0	0	0	0	0	0	0	0	0	0	0	0	0	0	0	0	0	0	0	0	0	0	0	0	0	0	0	0	0	0.0869195	0	0	0	0
CE2	0.31544	0.412528	0.344231	0.209534	0	0.339995	0	0	0	0	1.01424	0	0	0	0	3.23037	0.712486	0.921265	0.74141	1.17225	0.914926	0.773822	2.25607	0	1.59801	2.40707	0	0.517544	0.275066	0.298531	1.25763	0.56637	0.54281	0	0.347678	0.140864	0	0.895857	0.475711
CE3	2.44466	2.1314	1.80721	1.67628	1.99154	2.88996	0.547388	0.476083	0	0.734247	0.507118	1.48274	1.64213	1.32613	1.20576	24.0483	9.26232	16.8899	8.52622	7.81498	7.77687	6.9644	8.21854	0.472032	5.59304	8.97182	10.3713	1.03509	1.92546	1.49265	10.5641	2.26548	3.39257	2.71353	3.82446	2.81728	2.61688	3.9092	4.75711
CE4	13.6428	13.1322	12.3062	6.7051	9.73642	11.3898	12.0425	8.33145	4.56012	7.7096	9.63524	5.93095	11.4949	9.94598	9.04322	22.6126	15.3185	22.7245	18.906	43.3731	23.5594	23.9885	27.8786	1.88813	20.7742	15.7554	15.0855	11.6447	12.1029	14.0309	20.6251	17.5575	16.42	13.2662	16.2539	12.9595	17.0097	14.4152	13.0821
CE5	0.15772	0.343774	0.258173	0	0.663847	0.509993	0.547388	0	0	0	0	0	0	0	0	0.35893	0.356243	0	0	0.390749	0	0	0	0	0	0	0	0.517544	0	0	0	0	0.135703	0	0.347678	0.140864	0.654221	0.488649	0
CE6	0.47316	0.825057	0.344231	0	0.885129	1.18998	0.273694	0.238041	0	0.367124	0	0	0	0.663065	0	5.02502	1.06873	5.52759	1.85353	3.12599	0.228732	0.773822	0.966887	0	0	0.8753	0.942847	0.258772	0	0	2.13796	1.13274	1.08562	0.603008	0.869195	0.704321	0	0.732974	0.713567
CE7	1.26176	0.962566	1.72115	0.419069	0.663847	1.01999	1.09478	2.61845	2.28006	1.46849	3.04271	0	1.09475	2.65226	3.01441	8.97325	6.41238	3.37797	2.96564	6.25198	8.23434	4.12705	4.51214	0.708048	11.9851	7.8777	0.942847	1.55263	2.47559	2.38825	4.27593	1.13274	7.59935	6.33158	5.73668	3.5216	1.30844	4.56073	4.2814
CE8	0.0788599	0.0687547	0.0860576	0	0	0	0	0.476083	0	0.367124	0.507118	0	0.547377	0.663065	0	0	0.356243	0	0.370705	0.781498	2.74478	3.35323	0.483443	0	2.39702	0	0	0	0	0	0.880338	1.69911	0.271405	0.904511	0.0869195	0	0	1.22162	0.237856
CE9	0.15772	0.343774	0.516346	0.209534	0.885129	0.339995	0.547388	0.238041	0	0.367124	1.01424	0.370685	0	0.663065	0	3.23037	1.78122	2.7638	0.370705	2.73524	1.14366	0.257941	0.644591	0.236016	0.799006	1.09412	0	0.776315	0.825197	0	0.880338	0.56637	1.22132	1.20602	1.21687	0.704321	0	0.895857	1.66499
GH1	0.23658	0.206264	0.258173	0	0	0.339995	0.547388	0.238041	0	0.367124	0	0	0.547377	1.32613	0.602881	0.35893	0.356243	0.614177	0.74141	3.12599	1.37239	2.57941	1.61148	0	1.59801	0	0	0.258772	0.550131	0	0.628813	0	6.51373	0.904511	5.38901	4.36679	0	0.977299	1.18928
GH10	0.23658	0.343774	0.258173	0.209534	0	0.339995	0.273694	3.57062	0.570015	1.83562	0	0.741369	2.18951	0	1.20576	16.5108	6.76862	11.9764	2.22423	10.941	5.03209	3.61117	2.73951	0	5.59304	5.68945	0	0	3.30079	4.77649	4.90474	6.23007	3.93538	3.61805	5.64977	2.67642	0	4.56073	2.61641
GH101	0	0	0	0	0	0	0	0	0	0	0	0	0	0	0	0.35893	0.356243	0.614177	0	0.390749	0	0	0.161148	0	0	0	0	0	0	0	0	0	0.407108	0	0	0	0	0	0
GH102	2.28694	2.75019	3.09807	1.46674	1.54898	2.54997	6.02127	2.38041	2.28006	1.83562	1.52135	1.48274	0.547377	2.65226	2.41153	4.66609	3.91868	4.60633	6.30199	12.1132	5.26083	5.15882	13.6976	0.236016	13.5831	7.0024	8.48562	3.36403	3.57585	2.38825	4.15016	9.6283	3.25686	2.71353	3.5637	2.53555	6.54221	5.37514	5.47068
GH103	18.6109	18.1512	15.4904	12.7816	14.3834	19.8897	10.4004	7.61732	2.28006	4.03836	2.02847	6.67232	1.09475	2.65226	1.80864	13.2804	17.0997	18.4253	10.7504	57.0493	9.14926	9.02793	17.7263	3.77626	28.7642	20.3507	30.1711	11.9035	8.8021	4.77649	24.7752	39.6459	4.34248	4.82406	5.73668	4.50765	20.2808	6.35244	5.70854
GH104	0	0	0	0	0	0	0	0	0	0	0	0	0	0	0	0	0	0	0	0	0	0	0	0	0	0	0	0	0	0	0	1.69911	0	0	0	0	0	0.0814416	0
GH105	0.867459	0.687547	0.258173	0.209534	0	0.339995	0	0.952165	0	0.367124	0.507118	0	0.547377	0	0.602881	8.97325	5.69989	7.37012	4.81917	3.51674	2.97351	1.80559	5.64017	0	0	1.31295	0	0.258772	0.550131	2.08972	6.53965	3.39822	5.021	0.603008	4.08521	1.54951	0.654221	2.76901	1.66499
GH106	0.47316	0.206264	0.0860576	0	0	0	0	1.19021	0	0	0	0	0	0	0	14.3572	3.91868	3.07088	3.70705	2.34449	4.3459	2.32147	6.92936	0	0	3.5012	0	0	0.550131	0.895592	5.0305	1.13274	11.8061	2.71353	5.30209	3.38074	0	5.70091	3.09212
GH107	0	0.0687547	0	0	0	0	0	0	0	0	0	0	0	0	0	0.35893	0	0	0	0	0	0	0	0	0	0	0	0	0	0	0.125763	0	0	0	0.173839	0	0	0	0
GH108	0.0788599	0.0687547	0.0860576	0.209534	0	0	0	0	0	0	0	0	0.547377	0	0	0	0	0	0	0	0	0.257941	0.483443	0	0	0.218825	0	0	0.550131	0.298531	0	0	0.135703	0	0	0.563456	0	0.407208	0
GH109	21.6076	22.8953	26.5918	11.3149	12.8344	17.3398	22.1692	121.163	27.3607	84.8056	42.0908	40.4046	36.6743	24.5334	37.3786	165.467	118.273	130.205	95.2712	69.9441	83.0296	66.2908	63.6534	6.84447	25.5682	65.4287	23.5712	23.2895	76.7433	159.117	100.987	26.6194	126.203	89.2451	127.685	103.958	44.487	126.234	104.419
GH11	0	0	0	0	0	0	0	0	0	0	0	0	0	0	0	0.35893	0	0.307088	0	0	0	0	0	0	0	0	0	0	0	0	0	0	0	0	0	0	0	0	0.237856
GH110	0.0788599	0.412528	0	0	0	0.169998	0	0.238041	0	0	0	0	0	0	0	2.15358	0.356243	0.921265	0	3.51674	0.686195	0.515882	1.28918	0	0	1.31295	0	0	0.275066	0	1.13186	2.83185	1.49273	0.301504	0.869195	2.11296	0	1.14018	0.237856
GH111	0	0	0	0	0	0	0	0	0	0	0	0	0	0	0	0	0	0	0	0	0.686195	0.257941	1.28918	0	0	0	0	0	0	0	0	0	0.949918	0	0.173839	0	0	0	0
GH112	0	0	0	0	0	0	0	0	0	0	0	0	0	0	0	0	0	0	0	0	0	0	0	0	0	0	0	0	0	0	0.125763	0	0	0	0	0	0	0	0
GH113	2.83896	2.68143	3.95865	0.838138	1.77026	1.69998	5.74757	2.61845	1.14003	0.734247	0	1.85342	2.73689	1.9892	0.602881	7.53753	4.98741	10.1339	1.48282	5.86123	8.0056	7.99616	2.73951	0.708048	1.59801	1.53177	0.942847	1.55263	3.57585	1.79118	5.65932	1.69911	3.79967	3.01504	3.9983	2.95815	8.50487	2.03604	1.90285
GH114	1.41948	1.23759	1.37692	0.628603	0.221282	0.679991	0.273694	0.952165	0	0	1.52135	0	0	1.9892	1.80864	7.53753	4.63116	4.91341	4.81917	7.03348	14.4101	12.897	18.3709	0	4.79404	4.81415	0	0.517544	0.550131	0.597061	1.13186	0	6.24232	3.31654	4.86749	3.38074	3.2711	3.82775	1.42713
GH115	0	0.0687547	0	0	0	0	0	0	0	0	0	0	0	0	0	2.51251	0.356243	1.22835	0	0.781498	0.228732	0.257941	0.322296	0	0	0.43765	0	0	0	0	0.251525	1.13274	1.08562	0	0.434597	0.422592	0	0.325766	0
GH116	0.15772	0.206264	0.0860576	0.419069	0	0.339995	0	0.714124	0	0	0.507118	0	0.547377	0	0	2.87144	2.84995	1.22835	0.74141	0	3.43097	1.80559	3.86755	0	0.799006	1.53177	0	0	0	0.597061	0.754575	0	4.47819	2.11053	2.60758	1.83123	0	2.52469	0.951423
GH117	0.55202	0.550038	0.344231	0.209534	0	0.339995	0	1.90433	0	0.734247	0.507118	0	0	0.663065	0	23.3304	10.6873	9.51974	0.74141	3.12599	2.05858	1.2897	0.805739	0	0	2.40707	0	0	0.825197	3.58237	8.67762	0.56637	3.12116	1.50752	3.73754	2.11296	0	3.82775	5.23283
GH119	0	0	0	0.209534	0	0	0	0	0	0	0	0	0	0	0	0	0	0	0	0	0.457463	0.773822	0.322296	0	1.59801	0.43765	0	0	0	0	0	0	0	0	0	0	0	0	0
GH12	0	0	0	0	0	0	0	0	0	0	0.507118	0	0	0	0	0	0	0	0	0.390749	0.914926	0.257941	0.161148	0	0	0	0	0	0.275066	0.597061	0	0	0.271405	0	0	0	0	0.244325	0.237856
GH120	0.3943	0.206264	0	0	0	0	0	1.19021	0	0	0	0	0	0	0	5.38395	3.56243	2.14962	1.11212	1.17225	0.686195	0.515882	1.12803	0	0.799006	1.09412	0	0	0.825197	1.19412	1.88644	0	5.56381	1.20602	1.39071	1.9721	0	2.11748	0.713567
GH121	0	0	0	0	0	0	0	0	0	0	0	0	0	0	0	0	0	0	0	0.781498	0	0	0	0	0	0	0	0	0	0	0	0	0	0	0	0	0	0	0
GH123	0.15772	0.0687547	0.0860576	0	0.221282	0.339995	0	1.90433	0	0.367124	0	0	0	0	0	5.74288	1.78122	1.84253	1.85353	0.781498	4.57463	2.83735	0.805739	0	0.799006	1.53177	0	0	0.275066	1.49265	1.25763	0	3.52827	6.03008	2.60758	1.40864	0	0.732974	0.475711
GH125	0.0788599	0	0	0	0	0	0	0.714124	0	0	0	0	0	0	0	1.07679	0	0	0.370705	0	0.228732	0	0.322296	0	0.799006	0.656475	0	0	0.275066	0	0.377288	0.56637	0.135703	0	0.0869195	0	0	0	0
GH126	0	0	0	0	0	0	0	0	0	0	0	0	0	0	0	0	0	0	0	0	0	0.257941	0	0	0.799006	0	0	0	0	0	0	0	0	0	0.0869195	0	0	0.0814416	0
GH127	0.23658	0.206264	0.172115	0.209534	0.221282	0.169998	0	3.57062	0.570015	1.10137	0.507118	0	0.547377	0	1.80864	8.25539	4.63116	5.52759	2.96564	0.781498	5.03209	3.86911	6.12362	0	3.19602	5.03297	0.942847	0	1.92546	3.8809	4.65321	1.13274	10.5848	3.01504	9.90882	7.74753	0	8.06272	4.2814
GH128	0.31544	0.275019	0.344231	0	0	0.509993	0.273694	0	0	0	0	0	0	0	0	0.71786	0	0.921265	0.370705	0.781498	0.457463	0.257941	0.483443	0	0	1.31295	0.942847	0.258772	0.275066	0	0.377288	0.56637	0.814216	0.301504	0.434597	0.422592	0	1.14018	0
GH129	0	0	0	0	0	0	0	1.90433	0	0.367124	0	0	0	0	0	0.35893	0.356243	0.307088	0	0.390749	1.14366	1.03176	0.966887	0	0	0	0	0	0.825197	2.38825	0.377288	0	1.22132	3.31654	1.73839	1.54951	0	1.14018	0.713567
GH13	0.709739	0.275019	0.430288	0	0.221282	0.339995	0	0.238041	0	0	0	0	0	0	0	6.10181	4.63116	3.68506	1.48282	6.64273	10.0642	6.70646	16.9205	0	6.39205	8.31535	2.82854	0	0.825197	0.597061	4.52745	3.96459	1.35703	0.603008	0.869195	0.563456	0.654221	1.71027	1.18928
GH130	0.23658	0.275019	0.258173	0	0.442565	0.509993	0	0.714124	0.570015	1.10137	1.52135	1.11205	1.09475	0.663065	0	5.38395	3.56243	5.2205	1.48282	3.90749	3.20224	3.09529	0.966887	0	5.59304	3.5012	0.942847	0	0.275066	2.68678	2.51525	0.56637	1.35703	1.80902	1.47763	0.845185	0.654221	0.977299	2.61641
GH133	0.0788599	0	0	0	0	0	0	0.476083	0.570015	0.367124	1.01424	0	1.09475	1.32613	0.602881	0.35893	0.712486	0.307088	1.85353	0.781498	2.05858	1.54764	1.12803	0	0.799006	0.656475	0	0	0.275066	1.19412	0.628813	1.13274	0.271405	0.603008	0.521517	0.422592	0	0.407208	1.18928
GH135	0.23658	0	0.258173	0	0	0	0	0	0	0	0	0	0	0	0	0	0	0	0.370705	0	1.14366	0.773822	0.161148	0	0	0.218825	0	0	0	0.298531	0	0.56637	0.135703	0	0.347678	0.140864	0	0.0814416	0
GH136	0.23658	0.275019	0.344231	0.209534	0	0.679991	0	2.61845	0	0	0.507118	0	0	0	0	3.5893	1.78122	1.22835	1.85353	0.781498	4.57463	4.12705	3.22296	0	0.799006	5.68945	1.88569	0.258772	2.20053	2.98531	2.64101	2.83185	8.41356	0.301504	4.51981	2.95815	1.30844	3.3391	2.37856
GH137	0.0788599	0.137509	0	0	0.221282	0.169998	0	0.238041	0	0.367124	0	0.370685	0	0	0	2.15358	1.42497	0.921265	0.370705	0.781498	0.914926	2.06353	1.28918	0	0	1.53177	0	0	0.550131	0.597061	1.63491	0	0.814216	0.603008	0.782275	0.140864	0	1.62883	0.713567
GH138	0.0788599	0.0687547	0	0	0	0.339995	0	0.952165	0	0	0	0	0	0	0	10.7679	1.42497	0.921265	0.370705	0.781498	0.686195	0.257941	1.61148	0	0	0	0	0	0.825197	1.49265	3.0183	0.56637	4.74959	2.41203	2.08607	1.69037	0	1.22162	0.951423
GH139	0	0	0	0	0	0	0	0.476083	0	0.367124	0	0	0	0	0	4.30716	2.4937	1.53544	0.74141	0.390749	0.686195	0	0.644591	0	1.59801	1.53177	0	0	0.275066	0.597061	1.38339	0	3.93538	1.50752	3.04218	1.83123	0	0.814416	0.951423
GH13_1	0.0788599	0	0	0	0	0	0	0	0	0	0	0	0	0	0	0	0	0.307088	0.370705	0	0.686195	0	0.805739	0	1.59801	0	0	0	0	0	0	0	0	0	0	0	0	0	0
GH13_10	0	0	0	0	0	0	0	0	0	0	0	0	0	0.663065	0.602881	6.46074	1.78122	5.52759	1.85353	0.390749	4.57463	1.80559	7.73509	0	3.19602	2.18825	0	0	0	0	0.251525	0	0.407108	0	0.521517	0	0	0.407208	0.475711
GH13_11	0.31544	0.0687547	0.258173	0	0.221282	0.169998	0	0	0	0	0	0	0	0	0	0	0.356243	0.307088	0.74141	0.390749	0.228732	0	0.322296	0	0	0	0	0	0.275066	0	0.50305	0	0	0	0	0	0	0.162883	0.475711
GH13_12	0	0	0	0	0	0	0	0	0	0	0	0	0	0	0	0	0	0	0	0	0	0	0.161148	0	0	0	0	0	0	0	0	0	0	0	0	0	0	0	0
GH13_13	0.0788599	0	0	0.628603	0	0	0	0	0	0	0	0	0	0.663065	0.602881	0	0	0	0	1.563	0.457463	0.515882	0.805739	0	0	0.218825	0	0	0	0	0.880338	1.13274	0	0	0	0	0	0	0
GH13_14	0.15772	0	0	0	0	0	0	0.238041	0	0	0	0	0	0	0	1.79465	1.06873	0.921265	0	2.73524	1.82985	1.03176	3.7064	0	6.39205	0.43765	0	0	0	0.597061	0.251525	0	0.407108	0.603008	0.0869195	0.140864	0	0.162883	0
GH13_16	0	0	0	0	0.221282	0	0	0	0	0	0	0	0	0	0	0	0	0	0	0.390749	0	0	0	0	0	0	0	0	0	0	0.125763	0	0.135703	0	0	0.140864	0	0	0
GH13_18	0.0788599	0.0687547	0	0	0	0	0	0	0.570015	0	0	0	0	0.663065	0	0.35893	0	0.307088	0	0	0	0.257941	0.483443	0	0	0.43765	0	0	0	0	0.125763	0	0	0	0.0869195	0.140864	0.654221	0.0814416	0.237856
GH13_19	0.3943	0.137509	0.258173	0.209534	0.221282	0.509993	0	0	0	0	0	0	0	0	0	6.10181	3.56243	4.91341	0.370705	4.68899	0	0	1.45033	0	1.59801	2.6259	0	0	0	0	0.880338	0	0.135703	0	0	0	0.654221	0.244325	0.475711
GH13_2	0.55202	0.0687547	0.172115	0.209534	0	0.509993	0	0.238041	0	0	0	0	0	0	0	0	0.356243	0.614177	0.370705	0	0.228732	0.515882	1.12803	0	0	0.43765	0	0	0	0	1.0061	2.26548	0.135703	0	0	0.140864	0	0	0
GH13_20	0.31544	0	0	0	0	0	0	0.476083	0	0	0	0	0.547377	0	0.602881	2.87144	1.06873	2.14962	1.11212	1.95374	4.3459	3.35323	4.99558	0	1.59801	4.15767	0	0	0.550131	0	1.0061	0.56637	0.54281	0.301504	0.173839	0.281728	0	1.22162	1.42713
GH13_21	0	0	0	0	0	0	0	0	0	0	0	0	0	0	0	0	0	0	0	0	0	0	0	0	0	0.218825	0	0	0	0	0	0	0	0	0	0	0	0	0
GH13_23	0.15772	0.206264	0.172115	0	0	0	0	0	0	0	0	0	0	0	0	0	0	0.307088	0	0.390749	0.228732	0.257941	0	0	0.799006	0.43765	0	0	0	0	0.628813	0	0	0	0.173839	0.140864	0	0	0
GH13_24	0	0	0	0	0	0	0	0.238041	0	0	0	0	0	0	0	0	0	0	0	0	0	0.515882	0.322296	0	0	0	0	0	0	0	0	0	0	0	0	0	0	0	0
GH13_26	0	0	0	0	0	0.169998	0	0	0	0	0	0	0	0	0	0	0	0	0	0	0	0	0	0	0	0.218825	0	0	0	0	0.125763	0	0.135703	0	0	0	0	0	0
GH13_27	0	0.0687547	0	0.209534	0	0	0	0	0	0	0	0	0	0	0	0	0	0	0	0	0	0	0.161148	0	0	0	0	0	0	0	0	0	0	0	0	0	0	0	0
GH13_28	0	0	0	0	0	0	0	0	0	0	0	0	0	0	0	0	0	0	0	2.73524	0	0	0	0	0.799006	0	0	0	0	0	0	0	0	0	0	0	0	0	0
GH13_3	0.0788599	0	0.0860576	0	0	0	0	0	0	0.734247	0	0.370685	0	0.663065	0	0.35893	0	0.614177	0.370705	0.390749	0.228732	0.257941	0	0	1.59801	1.31295	0	0	0	0	0.377288	0.56637	0	0	0.173839	0.140864	0	0.244325	0.237856
GH13_31	0.0788599	0	0.0860576	0.209534	0.221282	0	0	0	0	0	0	0	0	0	0	0	0.712486	0.614177	0.370705	0.390749	0	0	0	0	0	0.218825	0	0	0	0	0	0.56637	0	0	0	0	0	0	0
GH13_32	0.709739	0.206264	0	0	0	0	0	0.238041	0	0	0	0	0	0	0	0	0.356243	0.614177	0	0.781498	0	0	0	0	0.799006	0.218825	0	0	0	0	0.50305	2.83185	0	0	0	0	0	0	0
GH13_33	0	0	0	0	0	0	0	0	0	0	0	0	0	0	0	0	0	0	0	0.781498	0	0	0	0	0	0	0	0	0	0	0	0	0.54281	1.20602	0.521517	0.281728	0	0	0
GH13_36	0.55202	0.206264	0.0860576	0	0.221282	0.509993	0	0.476083	0	0	0.507118	0	0.547377	1.32613	3.01441	1.07679	2.13746	1.53544	3.33635	2.34449	2.28732	2.06353	5.31788	0	12.7841	3.06355	0	0	0	0	2.38949	0.56637	0.678513	0.301504	0.521517	0.281728	0	1.62883	0.951423
GH13_37	0	0.0687547	0	0	0	0	0	0	0	0	0	0	0	0	0	0	0	0	0	0	0	0	1.93377	0	0	0	0	0	0.275066	0	0	0	0	0	0	0	0	0	0
GH13_38	0.867459	0.550038	0.0860576	0	0.442565	0.509993	0	0	0	0	0	0	0.547377	0.663065	0.602881	7.53753	4.63116	6.44886	1.11212	1.95374	0.228732	0	0.644591	0	3.19602	2.18825	0	0	0	0	1.76068	1.69911	0	0	0	0.140864	0	0.488649	0.713567
GH13_39	0	0	0	0	0	0	0	0	0	0	0.507118	0	0	0	0	0	0	0	0	0.781498	0.228732	0.515882	0.805739	0	0	0.218825	0	0	0	0	0	0	0	0	0	0.140864	0	0	0
GH13_4	0	0	0	0	0	0	0	0	0	0	0	0	0	0	0	0.35893	0	0.307088	0	0.390749	0	0	0	0	0	0.218825	0	0	0	0.298531	0.50305	0.56637	0	0	0	0	0	0	0
GH13_41	0	0	0	0	0	0	0	0.238041	0	0	0	0.370685	0	0	0	0	0.356243	0	0.370705	0.390749	0	0	0	0	3.19602	0	0	0	0	0	0.251525	0	0	0	0	0	0	0	0
GH13_42	0	0	0	0	0	0	0	0	0	0	0	0	0	0	0	0	0	0	0.370705	0.390749	0	0	0.805739	0	0	0	0	0	0	0	0	0	0	0	0	0	0	0	0
GH13_5	0	0	0	0	0	0	0	0	0	0	0	0	0	0	0	0	0	0	0.370705	0	0.686195	0.257941	0.161148	0	0	0	0	0	0	0	1.25763	0.56637	0	0	0	0	0	0.0814416	0
GH13_6	0	0	0	0.209534	0	0	0	0	0	0	0.507118	0	0.547377	0.663065	0.602881	0	0	0	0.370705	0	0.457463	0	0	0	0.799006	0	0	0	0	0	0.377288	0	0	0	0	0	0	0.0814416	0
GH13_7	0.0788599	0	0.0860576	0	0	0	0	0.714124	0	0	0	0	0	0	0	0	0	0.614177	0.74141	1.563	0.686195	0.515882	1.12803	0	0.799006	0.218825	0	0	0	0	0.251525	0	0	0.301504	0.347678	0.704321	0	0.162883	0
GH13_8	0.0788599	0	0	0	0	0.169998	0	0	0	0	0	0	0	0	0	0	0.356243	0.307088	0	0	0	0	0	0	0	0	0	0	0	0	0.125763	0	0	0	0.0869195	0	0	0	0
GH13_9	0.15772	0	0.0860576	0.419069	0	0.169998	0.273694	0	0	0	0	0	0	0	0	0.35893	0.356243	0	0	1.563	0	0	1.12803	0	0	0	0	0	0	0.298531	0.125763	0	0.135703	0	0.173839	0	0	0	0
GH14	0.23658	0	0	0	0	0	0	0.238041	0	0	0	0	0	0	0	0	0	0	0.370705	0	0	0	0.161148	0	0	0.43765	0	0	0	0	0	0	0.54281	0	0	0	0	0	0
GH140	0.15772	0	0.258173	0	0	0	0.821082	2.38041	0	1.10137	2.02847	0.370685	0.547377	0.663065	2.41153	8.25539	3.20619	1.84253	2.59494	6.25198	3.65971	1.54764	5.64017	0	0.799006	5.03297	0	0	1.65039	3.28384	8.17457	1.13274	6.37802	3.31654	4.17213	3.38074	0	4.64217	4.99497
GH141	0.55202	0.412528	0.258173	0.209534	0.442565	0.339995	0	3.80866	0	0	0.507118	0.370685	0.547377	0	1.20576	16.8697	6.05613	5.83468	1.85353	1.563	9.14926	6.19058	5.47903	0	3.19602	5.03297	0	0.258772	2.47559	5.07502	4.40169	2.26548	22.5266	5.72857	12.2556	6.90234	0	8.30704	2.37856
GH142	0.23658	0.343774	0	0.209534	0	0.509993	0	0.714124	0	0.734247	0	0	0	0	0	1.43572	0	3.07088	0	0.390749	0.686195	1.03176	0.322296	0	0	0.218825	0	0	0.825197	0	1.25763	0	0.54281	0.603008	1.21687	0.563456	0	0.488649	0.237856
GH143	0.31544	0.0687547	0	0	0.221282	0.169998	0	0	0	0	0	0	0	0	0	1.07679	0.712486	1.22835	0.74141	0.390749	0	0	0	0	0	0	0	0	0	0.895592	1.25763	0	0.271405	0	0.869195	1.69037	0	0.162883	0.951423
GH144	0.630879	0.481283	0.0860576	0	0	0.509993	0	1.42825	0	0.367124	1.52135	0	0.547377	1.32613	2.41153	3.94823	3.91868	4.29924	4.07776	8.20573	6.17575	5.41676	3.86755	0	11.1861	6.1271	6.59993	0	0.550131	1.19412	2.13796	0.56637	2.03554	1.20602	1.12995	1.12691	0	1.87316	3.80569
GH145	0.3943	0.206264	0.344231	0	0	0	0	2.61845	0	2.56987	1.01424	0.370685	1.09475	0.663065	1.20576	1.43572	1.42497	1.84253	3.33635	1.17225	1.82985	2.06353	1.28918	0	0	0.43765	0	0	2.75066	4.17943	3.89864	1.69911	2.71405	2.71353	3.1291	0.986049	0.654221	2.60613	2.61641
GH146	0.0788599	0	0	0	0	0	0	1.19021	0	0.367124	0.507118	0	0	0	0	3.23037	1.78122	4.29924	1.11212	0	2.05858	1.54764	0.644591	0	0	0.218825	0	0	1.10026	2.38825	1.50915	1.13274	3.93538	0.904511	4.78057	3.5216	0	2.85045	0.713567
GH147	0	0	0	0	0	0	0	0	0	0	0	0	0	0	0	0.71786	0.356243	0.614177	0	0	0	0	0.161148	0	0	0	0	0	0	0	0.125763	0	0.271405	0	0.0869195	0.281728	0	0.162883	0
GH148	0.31544	0.206264	0	0	0	0.169998	0	3.09454	1.14003	2.20274	0	1.11205	0.547377	0.663065	0.602881	0.35893	0.356243	0.614177	1.11212	0	5.48956	4.90087	1.45033	0	0.799006	1.31295	0	0	1.65039	3.28384	1.13186	0.56637	4.74959	3.91955	4.78057	3.09901	0	2.9319	2.61641
GH149	0.0788599	0.137509	0.0860576	0	0	0	0	0	0	0	0	0	0	0	0	0	0	0	0	0	0	0	0	0	0	0	0	0	0	0	0	0	0	0	0	0	0	0	0
GH15	0.23658	0.687547	0.258173	0.628603	0.442565	0.169998	1.64216	1.19021	0.570015	1.10137	0.507118	0.741369	0.547377	0	0.602881	0.71786	1.06873	0.614177	0	1.17225	0.914926	1.2897	0.483443	0.944064	1.59801	0	0	1.55263	1.65039	1.19412	0.50305	1.69911	1.35703	0.301504	0.956114	1.26778	1.30844	0.244325	0.475711
GH150	0	0	0	0	0	0	0	0	0	0	0	0	0	0	0	0.35893	0	0.307088	0	0	0.228732	0.257941	0.161148	0	0	0	0	0	0	0	0	0	0	0	0	0	0	0.325766	0
GH151	0.0788599	0	0.0860576	0	0.221282	0.169998	0	2.14237	0	0.734247	1.01424	0	0	0.663065	0.602881	6.46074	3.91868	0.921265	1.48282	0.390749	0.914926	0.773822	0	0	0	0.43765	0	0.258772	1.10026	2.08972	4.90474	0	4.34248	3.31654	3.1291	2.67642	0	1.62883	0.951423
GH152	0.15772	0.137509	0	0	0.221282	0.509993	0	0	0	0	0	0	0	0	0	0	0	0	0	0	0	0	0	0	0	0	0	0	0	0	0	0	0.271405	0	0.0869195	0	0.654221	0.0814416	0
GH153	0.15772	0.550038	0.344231	0.209534	0.442565	0.339995	0.273694	0.238041	0	0	0.507118	0	0	1.32613	0.602881	0	0.356243	0.307088	0	1.95374	2.05858	1.80559	1.28918	0	0.799006	0.218825	0	0	0.275066	0	0	3.39822	0.135703	0	0	0	0.654221	0.244325	0
GH154	0.0788599	0	0	0	0.221282	0	0	0	0	0	0	0	0	0.663065	0.602881	0.35893	0	0	0	0.390749	0.228732	0.515882	0	0	0	0.656475	0	0	0	0.298531	0	0	0.54281	0	0.0869195	0	0	0	0.237856
GH156	0.0788599	0.137509	0.344231	0	0	0.339995	0	0.714124	0	0	0	0	0	0	0	0.71786	0	0	0	1.17225	1.14366	0.257941	0	0	0	1.31295	0	0	0	0	0.377288	0	5.4281	3.61805	4.78057	1.40864	0.654221	0.488649	0.475711
GH157	0.23658	0.275019	0.172115	0	0.221282	0.339995	0	0	0	0	0.507118	0	0	0	0	1.79465	0.356243	1.84253	0.370705	0.390749	0.914926	1.2897	0.483443	0	1.59801	0.218825	0	0	0	0	0.377288	0.56637	0.271405	0	0	0.140864	0	0.0814416	0.237856
GH158	7.33397	5.22536	2.40961	2.72395	5.08949	6.96991	0	0.952165	0.570015	0	0.507118	1.11205	0	0	0.602881	17.2286	14.9622	15.9686	7.78481	4.29824	2.97351	5.93264	1.61148	0	3.19602	3.28237	0.942847	0	0.825197	0.298531	8.17457	16.9911	1.76413	1.50752	0.347678	0.986049	0	0.895857	0.237856
GH159	0.0788599	0	0	0	0	0	0	0	0	0	0	0	0	0	0	0.35893	0.356243	0.307088	0	0	0	0	0.161148	0	0	0.218825	0	0	0.550131	0	0.754575	0	0.271405	0.301504	0	0.281728	0	0.325766	0.237856
GH16	0.630879	0.343774	0.344231	0.628603	0.442565	0.339995	0	0.238041	0	0	0	0	0	0	0	2.87144	1.06873	0.307088	0.370705	0.781498	1.14366	0.773822	1.93377	0	0	0.8753	0	0	0	0.298531	1.25763	3.96459	0.135703	0.301504	0.260758	0.140864	0	0	0.237856
GH160	0	0	0	0	0	0	0	0.238041	0	0	0	0	0	0	0	0	0	0	0	0	0	0	0	0	0	0	0	0	0	0	0	0	0	0	0	0	0	0	0
GH162	0	0	0	0	0	0	0	0	0	0	0	0	0	0	0	0	0	0	0	0	0	0	0	0	0	0	0	0	0	0	0	0	0	0.301504	0	0	0	0	0
GH163	0.23658	0.412528	0.688461	0.209534	0.221282	0.679991	0	2.38041	0	0.367124	0.507118	0.370685	0.547377	0	0	5.38395	2.4937	3.07088	0.370705	3.12599	8.0056	3.86911	5.31788	0	4.79404	4.81415	0	0	0.550131	2.38825	2.13796	0	6.92083	5.42707	5.73668	4.22592	0	2.36181	0.951423
GH164	0	0	0	0	0	0	0	0	0	0	0	0	0	0	0	0.35893	0	0.307088	0	0	0	0	0	0	2.39702	0.8753	0	0	0	0	0.251525	0	0.135703	0	0.0869195	0.140864	0	0.162883	0
GH165	0.23658	0.756302	0.602403	0	0.663847	0.339995	0.547388	4.28474	0	0	0	0	0	0	0	2.51251	1.42497	2.45671	1.11212	3.90749	4.57463	1.80559	2.90066	0	0	3.72002	0	0.258772	1.10026	1.49265	2.76678	0.56637	12.3489	5.42707	8.9527	4.78938	0	5.70091	2.85427
GH166	0	0.206264	0.258173	0	0	0	0.273694	0	0	0	0.507118	0	0	0.663065	0	0.71786	1.06873	2.7638	0	2.73524	5.48956	3.61117	2.09492	0	3.19602	1.31295	0.942847	0.258772	0.825197	0	0.251525	0	1.35703	0	0.521517	0.140864	1.30844	0.244325	0.237856
GH167	0	0	0	0	0	0	0	0	0	0	0	0	0	0	0	0	0	0	0	0	0.228732	0.257941	0.161148	0	0	0	0	0	0	0	0.251525	0	0.54281	0.301504	0.173839	0	0	0.0814416	0
GH168	0.15772	0.412528	0.430288	0	0	0.169998	0	0.238041	0	0	0	0	0	0	0	2.51251	0	0	0.370705	0.390749	2.74478	2.83735	0.322296	0	0.799006	0.43765	0	0	0	0.597061	0.628813	1.13274	2.44265	0.603008	0.608436	0.422592	0	0.162883	0.237856
GH16_1	0	0	0	0	0	0	0	0	0	0	0	0	0	0	0	0	0	0	0	0	0	0	0	0	0	0	0	0	0	0	0.125763	0	0	0	0	0	0	0.162883	0
GH16_10	0	0	0	0	0	0	0	0	0	0	0	0	0	0	0	0	0	0	0	0	0	0	0	0	0	0	0.942847	0	0.275066	0	0	0	0	0	0	0	0	0.162883	0.237856
GH16_11	0	0	0	0	0	0	0	0	0	0	0	0	0	0	0	1.07679	0	0.307088	0	0	0	0	0	0	0	0	0	0	0	0	0	0	0	0	0	0	0	0	0
GH16_12	0	0	0	0	0	0	0	0.238041	0	0	0	0	0	0	0	6.81967	2.84995	1.22835	0	0.390749	0	0	0	0	0	0	0	0	0	0.298531	0.377288	0	0	0	0	0	0	0.0814416	0.237856
GH16_13	0	0	0	0	0	0	0	0	0	0	0	0	0	0	0	2.87144	1.06873	0.921265	1.11212	0.781498	0	0	0	0	0	0	0	0	0	0	0	0	1.22132	0	0.956114	0.281728	0	0	0
GH16_14	0	0	0	0	0	0	0	1.66629	0.570015	0.734247	0	0.741369	0	0	0	1.43572	0.356243	0.307088	0.370705	0	0	0.257941	0.483443	0	0	0	0	0	0.550131	1.79118	0.754575	0	1.62843	0	1.30379	0.704321	0	0.814416	0.237856
GH16_15	0	0	0	0	0	0	0	0	0	0	0	0	0	0	0	0.71786	0	0	0	0	0	0	0	0	0	0	0	0	0	0	0.125763	0	0	0	0	0	0	0	0
GH16_16	0	0	0	0	0	0	0	0	0	0	0	0	0	0	0	0.35893	0	0	0	0	0	0	0	0	0	0	0	0	0	0	0.125763	0	0	0	0	0	0	0	0
GH16_17	0	0	0	0	0	0	0	0	0	0	0	0	0	0	0	0	0	0.307088	0	1.17225	0	0	0	0	0	0	0	0	0	0	0.50305	0	0	0	0.0869195	0	0	0	0
GH16_21	0.55202	0.618793	0.516346	0.419069	0.221282	1.01999	0.273694	0	0	0.367124	0	0	0	0	0	0.35893	0.356243	1.84253	0	1.95374	0.457463	0.515882	0.322296	0	0	0.218825	0	0.517544	0.550131	0.298531	0.628813	0.56637	0.678513	0.603008	0.434597	0.140864	0.654221	0.0814416	0
GH16_23	0	0	0	0	0	0	0	0	0	0	0	0	0	0	0	0	0	0	0	0	0.228732	0	0.161148	0	0	0	0	0	0	0	0	0	0	0	0.0869195	0	0	0	0
GH16_24	0.0788599	0	0	0.209534	0	0	0	0	0	0	0	0	0	0	0	0.35893	0	0	0	0	0	0	0	0	0	0	0	0	0	0	0	0	0.407108	0	0	0	0	0	0
GH16_25	0	0.0687547	0	0	0	0	0	0	0	0	0	0	0.547377	0	0	1.07679	1.06873	0	0	0	2.28732	1.80559	1.45033	0	0	0.656475	0	0	0	0.298531	0.50305	0	0	0	0.0869195	0	0	0	0.951423
GH16_26	0	0	0	0	0	0	0	0	0	0	0	0	0	0	0	3.23037	0.712486	0	0.370705	0	0	0	0	0	0	0	0	0	0	0	0	0	0	0	0	0	0	0	0
GH16_3	13.8005	9.48815	5.33557	2.72395	9.07258	10.3699	1.36847	4.28474	2.85008	2.56987	1.52135	2.59479	2.73689	1.32613	0	60.6592	47.7366	61.4177	24.8372	29.6969	6.40448	4.90087	11.4415	0	10.3871	9.84712	3.77139	1.8114	3.85092	7.16474	24.901	31.7167	5.4281	3.31654	4.95441	2.53555	0.654221	6.84109	4.99497
GH16_4	0	0	0	0	0	0	0	0	0	0	0	0	0	0	0	0.35893	0	0	0	0	0	0	0	0	0	0	0	0	0	0	0	0	0	0	0	0	0	0.0814416	0
GH16_5	0	0.275019	0	0	0.221282	0.169998	0	0.238041	0	0	0	0	0	0	0	0	1.06873	3.99215	0	4.68899	0.228732	0.257941	0.483443	0	0	0	0	0	0	0	0.125763	0	0.135703	0	0.173839	0.140864	0	0.162883	0
GH16_7	0	0	0	0	0	0	0	0.714124	0	0.367124	0	0	0	0	0	0	0	0	0	0	0	0	0	0	0	0	0	0	0	0.298531	0	0	0.271405	0	0	0	0	0	0.237856
GH17	0.23658	0	0.172115	0	0.221282	0.339995	0	0.476083	0	0	0	0	0	0	0.602881	5.38395	2.84995	3.07088	2.59494	1.563	1.14366	1.2897	0.966887	0	3.19602	1.53177	0	0	0.275066	0	1.50915	1.69911	0.678513	0	0.260758	0.281728	0	0.325766	0.475711
GH18	2.99668	1.85638	0.946634	2.93348	2.87667	2.88996	0.547388	0.952165	0	0	1.01424	0	1.64213	1.32613	1.20576	10.7679	4.27492	6.44886	2.96564	7.42423	10.2929	8.76999	14.8256	0	6.39205	6.56475	0.942847	0.517544	0.275066	0.298531	3.89864	1.69911	7.73505	2.41203	3.9983	2.39469	1.30844	3.74631	1.90285
GH19	0	0.0687547	0	0.209534	0	0	0	0	0	0	0	0	0	0	0	0	0	0	0	0	0	0	1.12803	0	0	0	0	0	0	0	0	0	0.271405	0	0.260758	0.281728	0	0.0814416	0
GH2	1.02518	1.37509	0.946634	0.628603	0.221282	1.35998	0	4.52279	0	0.367124	0.507118	0.741369	0	0	0	63.1717	22.0871	23.9529	5.18987	19.5374	20.3571	10.5756	27.5563	0	10.3871	18.8189	0.942847	0	2.75066	5.97061	13.9596	4.53096	28.9047	7.53759	18.5138	13.6638	1.96266	12.0534	4.99497
GH20	1.65606	1.30634	0.774519	0.419069	0.442565	2.54997	0.273694	2.61845	0	1.46849	0	0	0.547377	1.32613	0	31.2269	20.3059	21.8033	5.18987	20.7097	12.3515	9.28587	13.053	0	11.9851	15.0989	0.942847	0.517544	1.65039	3.58237	6.28813	1.13274	8.95637	4.82406	6.43204	4.08506	1.30844	5.45659	4.75711
GH22	0	0	0	0	0	0	0	0	0	0	0	0	0	0	0	0	0	0	0	0	0	0	0	0	0	0	0	0	0	0	0	0	0	0	0.0869195	0	0	0.244325	0
GH23	51.259	55.0038	49.6553	29.7539	37.1754	45.3894	40.5067	34.9921	14.8204	17.6219	17.242	21.8704	15.8739	19.2289	18.0864	88.6557	73.7423	74.3154	69.6926	106.674	86.918	82.0252	108.775	4.01227	79.1016	73.744	77.3134	47.3552	40.1596	25.0766	92.5612	128	30.3974	27.1353	27.2927	22.6791	80.4692	34.9384	36.6298
GH24	0.55202	0.343774	0.344231	0	0	0.339995	0	0.476083	0	0	0	0.370685	0.547377	0	0	0.35893	0.356243	0	0.370705	1.95374	0.228732	0.257941	4.99558	0	0	2.40707	0	0	0	0	0.251525	2.26548	1.35703	0.603008	0.608436	1.12691	0.654221	0.651533	0.237856
GH25	0.47316	0.550038	0.344231	0.209534	0.663847	0.679991	0	0	0	0.367124	0	0	0.547377	0.663065	0	3.5893	1.42497	4.91341	2.22423	17.5837	3.43097	2.32147	1.77263	0.236016	1.59801	0.656475	0	0.258772	0.275066	0	1.0061	0.56637	0.949918	0.301504	0.521517	0.986049	1.30844	0.651533	0.475711
GH26	0.55202	0.481283	0.258173	0	0.221282	0	0.273694	0.714124	0	0	1.52135	0.370685	0.547377	0.663065	0.602881	12.9215	7.83735	9.51974	3.33635	8.98723	3.88844	2.83735	4.0287	0	4.79404	2.84472	0.942847	0.517544	0.550131	1.49265	4.77898	3.39822	4.74959	2.71353	3.91138	2.67642	0.654221	3.3391	1.66499
GH27	0	0.0687547	0.0860576	0	0.221282	0.169998	0	0.476083	0	0.367124	0	0	0	0	0	5.74288	2.4937	0	0.74141	1.95374	3.65971	2.57941	2.25607	0	0	1.09412	0	0	0.275066	0.597061	1.13186	0.56637	1.35703	0.904511	2.08607	0.563456	0	1.05874	0.951423
GH28	0.55202	0.275019	0.0860576	0	0	0	0	4.52279	0.570015	2.56987	1.01424	0.370685	0.547377	0.663065	1.80864	15.0751	6.05613	3.37797	2.22423	2.73524	5.03209	2.32147	6.12362	0	3.99503	5.47062	0.942847	0	3.02572	8.35886	7.16847	3.39822	10.5848	5.42707	8.69195	6.62061	0	7.98127	7.13567
GH29	8.35915	3.85026	3.09807	0.628603	4.42565	3.22996	0.547388	13.3303	2.85008	12.1151	6.59253	1.85342	3.28426	2.65226	3.61729	128.497	59.1364	63.5673	20.0181	19.1467	26.7616	15.4764	28.0397	0	11.9851	38.0755	12.257	0.517544	11.0026	22.6883	41.6274	14.7256	50.3457	12.3617	32.421	25.2147	1.96266	42.3496	35.9162
GH3	10.1729	8.52559	6.7125	3.77162	8.40873	9.51987	3.55802	4.52279	1.14003	6.60823	2.53559	2.96548	3.28426	4.64146	4.22017	63.8895	38.8305	45.4491	16.311	47.6714	35.4534	29.1473	44.4768	0.236016	23.9702	29.5414	10.3713	3.6228	4.12598	8.65739	25.404	26.053	16.2843	9.64812	13.3856	10.4239	10.4675	15.7182	12.3685
GH30	0.0788599	0	0.258173	0	0	0	0.273694	1.19021	0	0.367124	0.507118	0	0	0	0	3.5893	0.712486	1.53544	0.370705	0.390749	1.37239	0.773822	0.161148	0	0	0	0	0	0	0.298531	0.880338	0	2.03554	0.301504	1.47763	0.704321	0	0.732974	0
GH30_1	1.73492	0.893811	0.344231	0.419069	0.442565	1.01999	0	0	0	0.367124	0.507118	0	0	0	0	12.2036	5.69989	8.29139	4.44846	1.563	0.228732	0.257941	0.805739	0	0.799006	1.09412	0	0	0	0	2.26373	2.26548	0.407108	0	0.0869195	0.281728	0	0.0814416	0.237856
GH30_2	0	0	0	0	0	0	0	0	0	0	0	0	0	0	0	1.07679	0	0	0	0	0	0	0	0	0	0.218825	0	0	0	0	0	0	0	0	0	0	0	0	0
GH30_3	0	0	0	0	0	0	0	0.238041	0	0	0	0	0	0	0	0.71786	0.712486	0.614177	0.370705	3.51674	0.228732	0.257941	0	0	0.799006	0.43765	0.942847	0	0.275066	0	0.251525	0	0.135703	0	0	0	0	0.162883	0.237856
GH30_4	0.0788599	0.0687547	0	0	0	0	0	0	0	0	0	0	0	0	0	1.79465	1.78122	0.614177	1.11212	0.390749	0.914926	0.773822	1.61148	0	0.799006	1.09412	0	0	0	0.597061	0.628813	0	0.949918	0	0.173839	0.422592	0	1.05874	0.951423
GH30_5	0.0788599	0	0	0	0	0	0	0	0	0	0	0	0	0	0	0	0	0	0	0.390749	0	0	0	0	0	0	0	0	0	0	0.125763	0	0.271405	0	0	0.140864	0	0.488649	0.475711
GH30_8	0	0	0	0	0	0	0	0	0	0	0	0	0	0	0	0	0	0	0	0	0	0	0	0	0	0	0	0	0	0	0	0	0	0	0	0	0	0.0814416	0
GH31	1.10404	0.550038	0.172115	0.209534	0.663847	0.509993	0	0.476083	0	0	1.01424	0	0.547377	0	0.602881	9.69111	4.98741	4.29924	5.56058	5.47049	8.23434	5.6747	7.4128	0	3.19602	2.6259	0.942847	0	0.275066	1.49265	3.52135	3.39822	3.25686	0.603008	1.56455	2.25383	0	2.03604	0.951423
GH32	0.788599	0.481283	0.946634	0	1.10641	0.679991	0.273694	5.23691	0	1.83562	0	0.741369	0	1.32613	0	14.7161	8.19359	9.82683	5.93128	6.64273	3.20224	2.83735	4.67329	0	1.59801	2.84472	0.942847	0	1.65039	7.16474	4.27593	0.56637	15.3344	4.52256	12.7772	9.15617	0	11.4018	6.4221
GH33	3.31212	2.26891	3.09807	0.838138	1.32769	2.20997	0.821082	8.56949	0	2.56987	3.04271	0.741369	1.64213	0	0.602881	25.1251	12.8248	16.8899	9.26763	15.2392	13.7239	12.1232	11.4415	0	3.99503	13.1295	1.88569	1.55263	4.67612	9.85151	7.92304	2.83185	29.1761	9.04511	19.5569	14.2273	5.23377	11.9719	8.32495
GH35	0	0	0.0860576	0	0	0	0	0.238041	0	0	0	0	0	0	0	3.23037	0.712486	0.307088	0	1.563	1.14366	1.80559	0.805739	0	0	2.18825	0	0	0.275066	0.895592	0.50305	0.56637	0.678513	0.301504	0.608436	0.422592	0	0.407208	0
GH36	0.23658	0.137509	0	0	0	0	0	0.238041	0	0	0	0	0	0	0	1.79465	2.4937	1.84253	0.370705	0.781498	2.97351	1.03176	1.93377	0	0	0.656475	0	0	0.275066	1.19412	1.50915	0	2.71405	2.11053	2.17299	1.54951	0	0.895857	0.951423
GH37	0.47316	0.206264	0.0860576	0	0.221282	0.339995	0.821082	0	0.570015	0	0	0.741369	0	0	0	1.43572	1.42497	2.14962	1.11212	1.563	0.228732	0.257941	0.966887	0	0	0.43765	0	1.03509	0.825197	0.298531	0.754575	0.56637	0.814216	0.603008	0.347678	0	0.654221	0.325766	0.475711
GH38	0.23658	0.275019	0.0860576	0.209534	0	0	0	1.90433	0.570015	1.46849	1.52135	0.370685	0.547377	0	0.602881	10.7679	7.48111	5.83468	2.59494	1.17225	5.48956	3.61117	5.80132	0	3.19602	4.3765	0	0.258772	1.37533	1.49265	3.52135	0	5.1567	1.50752	3.1291	1.69037	0	4.15352	2.61641
GH39	0.23658	0.275019	0	0	0	0.169998	0	3.80866	0	1.10137	6.59253	0.370685	9.30542	13.9244	10.249	0.71786	3.56243	1.22835	4.81917	1.95374	37.9694	36.1117	17.0817	0	2.39702	3.28237	0.942847	0.258772	1.65039	1.79118	4.65321	0.56637	5.69951	8.44211	7.82275	3.80333	0.654221	7.16686	4.2814
GH4	0.15772	0.481283	0.0860576	0	0.442565	0	0	4.76083	2.28006	6.2411	3.54982	3.33616	3.28426	2.65226	2.41153	3.5893	1.78122	0	3.33635	1.17225	3.65971	4.64293	4.18984	0	2.39702	1.09412	0	0	1.92546	4.47796	2.38949	0	5.4281	5.42707	7.21432	3.80333	1.30844	5.13082	5.70854
GH42	0.0788599	0.0687547	0.0860576	0	0	0	0	1.19021	0	0	0	0	0	0	0	1.79465	1.06873	1.22835	0.74141	0	2.97351	3.61117	0.966887	0	0	0.218825	0	0	0.825197	0.895592	1.76068	0.56637	1.35703	0.904511	1.04303	1.12691	0	0.814416	0.237856
GH43	0	0.0687547	0.172115	0	0	0.169998	0.821082	0.476083	1.71005	0.367124	0	0	0	0	0	0	0	0.307088	0.74141	0	0.686195	1.03176	2.73951	0	0	0.218825	0	0.517544	0.550131	0.298531	0.628813	0	2.84975	0.904511	1.47763	1.26778	0	1.38451	0.237856
GH43_1	0	0	0	0	0	0	0	0	0	0	0	0	0	0	0	0	0	0.307088	0	0	0	0	0	0	0	0	0	0	0	0	0	0	0	0	0	0	0	0	0
GH43_10	0.15772	0	0	0	0	0	0	0.714124	0.570015	0.734247	0	0	0	0	0	0.71786	0.356243	0	1.11212	1.563	0	0	0.483443	0	0	0	0	0	0.550131	0.895592	1.63491	0.56637	0	0.301504	0.347678	0	0	1.38451	0.951423
GH43_11	0	0	0.0860576	0	0.221282	0	0	0	0	0	0	0	0	0	0	0.35893	0	0	0	0.390749	0	0	0.322296	0	0	0	0	0	0	0.298531	0	0	0	0	0	0	0	0.162883	0
GH43_12	0.15772	0.343774	0	0	0.221282	0.169998	0	0	0	0	0	0	0	0	0	6.81967	1.78122	3.07088	0.370705	2.34449	0	0	0	0	0	0.43765	0	0	0.550131	0	2.13796	3.39822	0	0	0.0869195	0	0	0.325766	0.713567
GH43_15	0	0	0	0	0	0	0	0	0	0	0	0	0	0	0	0	0	0	0	0	0	0	0	0	0	0	0	0	0	0	0	0	0	0	0	0	0	0.0814416	0
GH43_16	0	0	0	0	0	0	0	0	0	0	0	0	0	0	0	0	0	0	0	0.390749	0	0	0	0	0	0	0	0	0	0	0	0	0	0	0	0	0	0	0
GH43_17	0	0.0687547	0	0	0	0	0	0	0	0.367124	0	0	0	0	0	0.71786	0	0.307088	0	0.390749	0.228732	0	0.483443	0	0	0	0	0	0.550131	0.298531	0.880338	0	0	0	0.0869195	0	0	0.244325	0.713567
GH43_18	0.0788599	0	0	0	0.221282	0	0	0.952165	0	0.367124	0	0.370685	0	0	0	2.51251	2.4937	2.7638	1.48282	0.390749	0.457463	0.257941	1.93377	0	0	1.31295	0	0	0	0.895592	2.13796	0	1.49273	1.20602	1.21687	0.986049	0	1.62883	1.18928
GH43_19	0	0	0	0	0	0	0	0	0	0	0	0	0	0	0	0	0	0	0	0.390749	0	0	0	0	0	0	0	0	0	0	0.125763	0	0	0	0	0	0	0	0
GH43_2	0	0.0687547	0	0	0	0	0	0	0	0	0	0	0	0	0	3.94823	1.06873	0	0	0	0	0	0.644591	0	0	0	0	0	0	0	0.880338	1.13274	0.271405	0	0.0869195	0	0	0.325766	0.713567
GH43_20	0	0	0	0	0	0	0	0.238041	0	0.367124	0	0	0	0	0	0	0	0	0	0	0	0	0	0	0	0	0	0	0	0	0	0	0	0	0.260758	0.281728	0	0.0814416	0
GH43_22	0	0	0	0	0	0	0	0	0	0	0	0	0	0	0	0	0	0	0	1.17225	0	0	0	0	0	0	0	0	0	0	0	0	0	0	0	0	0	0	0
GH43_24	0.3943	0.481283	0.172115	0.419069	1.10641	0.849989	0	0.238041	0	0	0.507118	0.370685	0	0	0	1.07679	0.356243	1.22835	0	1.17225	0.228732	0	0.644591	0	0.799006	1.53177	0.942847	0	0.275066	1.19412	0.754575	0	1.08562	0	0.956114	0.422592	0	1.05874	0.951423
GH43_26	0.47316	0	0.172115	0	0	0.339995	0	0.476083	0	0	0	0	0	0	0	1.07679	0.356243	0	0.370705	0.781498	0.228732	0	0.966887	0	0	0.218825	0	0	0.275066	0	0.628813	0.56637	0.54281	0	0.173839	0.140864	0	0.895857	0.475711
GH43_28	0	0	0.0860576	0	0	0	0	0	0.570015	0.367124	0	0	0	0	0	0.71786	0	0	0	2.34449	0	0	0.161148	0	0	0.218825	0	0	0.275066	0.895592	0.754575	0	0.271405	0	0.869195	0.563456	0.654221	0.732974	0.475711
GH43_29	0.31544	0.137509	0	0	0	0	0	0	0	0	0	0	0	0	0	5.02502	2.13746	2.45671	0.74141	1.17225	0	0	0.322296	0	0	0	0	0	0	0.597061	1.63491	0.56637	0.814216	0	0.521517	0.563456	0.654221	1.54739	0.713567
GH43_3	0	0	0	0	0	0	0	0	0	0	0	0	0	0	0	0.71786	0	0	0	0	0	0	2.09492	0	1.59801	0.8753	0	0	0	0.298531	0.125763	0	0.271405	0	0.260758	0.140864	0	0.244325	0.951423
GH43_30	0.0788599	0.0687547	0.0860576	0	0	0.169998	0	0	0	0	0	0	0	0	0	0	0.356243	0.921265	0.370705	3.12599	0	0	0.161148	0	0	0	0	0	0	0	0	0	0	0	0	0	0	0	0
GH43_31	0.15772	0	0	0	0	0	0.273694	0.952165	0	0	0	0	0	0	0	0	0	0	0	0	1.82985	1.80559	7.0905	0	0	0.218825	0	0	0	0	0.251525	1.13274	1.08562	0.603008	0.173839	0.140864	0	0.651533	0
GH43_32	0	0	0	0	0	0	0	0	0	0	0	0	0	0	0	0	0	0	0	0	0	0	0.805739	0	0	0.218825	0	0	0	0	0	0	0.407108	0	0	0	0	0.0814416	0
GH43_33	0.15772	0.0687547	0	0	0	0	0	0	0	0.367124	0	0	0	0	0	0.71786	0	0.307088	0.370705	1.17225	1.37239	1.2897	2.73951	0	0	0	0	0	0	0	0	0	0.54281	0	0.173839	0.281728	0	0.732974	0
GH43_34	0.0788599	0	0	0	0	0	0	0	0	0	0	0	0	0	0	2.51251	1.06873	2.45671	0	1.17225	0.686195	0.773822	0.644591	0	0	0.43765	0	0	0.275066	0.298531	1.0061	0.56637	0.678513	0.603008	0.260758	0.422592	0	0.244325	0
GH43_35	0	0	0	0	0	0	0	0	0	0	0	0	0	0	0	0.35893	0	0	0	0	0	0	0	0	0	0	0	0	0	0	0	0	0	0	0	0	0	0	0
GH43_4	0	0	0	0	0	0	0	0	0	0	0	0	0	0	0	0	0	0	0	2.34449	0	0	0	0	0	0	0	0	0	0.298531	0.377288	0.56637	0	0	0.0869195	0.140864	0	0.162883	0
GH43_5	0.0788599	0	0	0	0	0.169998	0	0.476083	1.71005	0	0	0	0	0	0	0	0	0	0.370705	0.390749	0	0	0.161148	0	0	0	0	0	0.275066	0.895592	0.880338	0.56637	0.949918	0	0.695356	0.986049	0	1.14018	0.713567
GH43_8	0	0	0	0	0	0	0	0	0	0	0	0	0	0	0	1.43572	0.356243	0.614177	0	0	0	0	0	0	0	0	0	0	0	0	0	0	0	0	0	0	0	0	0
GH43_9	0	0	0	0	0	0.169998	0	0	0	0	0	0	0	0	0	1.07679	0.356243	0.614177	0	0	0	0	0	0	0	0	0	0	0	0	0.50305	0	0.135703	0	0.260758	0.422592	0	0.244325	0.237856
GH44	0	0	0.0860576	0	0	0	0	0.238041	0	0	0	0	0	0	0	0.35893	0.356243	0	1.11212	0	0	0.257941	0	0	0	0	0	0	0	0	0.125763	0	0.271405	0	0.260758	0	0	0.244325	0
GH45	0	0	0	0	0	0	0	0	0	0	0	0	0	0	0	0	0	0	0	0	0	0	0	0	0	0	0	0	0	0	0	0	0	0	0	0	0	0.0814416	0
GH46	0	0	0	0.209534	0	0	0	0	0	0	0	0	0	0	0	0	0	0	0	0	0	0	0	0	0	0	0	0	0	0	0	0	0	0	0	0.140864	0	0	0
GH47	0	0	0	0	0	0	0	0.238041	0	0	0	0	0	0	0	0.35893	0.712486	0.307088	0	0	0.228732	0.257941	0.161148	0	0	0.218825	0	0	0	0	0.125763	0	0	0	0.0869195	0	0	0.162883	0
GH49	0	0	0	0	0	0	0	0	0	0	0	0	0	0	0	0.35893	0	0.307088	0	0	0	0	0	0	0	0	0	0	0	0	0	0	0.135703	0	0	0.140864	0	0.0814416	0
GH5	0.3943	0.550038	0.516346	0.209534	0.221282	0.169998	0.547388	2.61845	0	1.83562	0	0	1.09475	0	0.602881	1.07679	0.356243	0.614177	0.74141	3.12599	11.4366	11.3494	13.5364	0	2.39702	3.06355	0.942847	0.517544	0.275066	2.08972	1.25763	0	5.021	5.12556	4.08521	1.9721	0.654221	4.15352	1.18928
GH50	0	0	0	0	0	0	0	1.66629	0	0.367124	0	0	0	0	0	2.87144	0.712486	1.53544	1.85353	0.781498	1.37239	0.515882	1.45033	0	0	0	0	0	0.275066	1.79118	2.64101	1.13274	4.07108	2.11053	2.43374	3.09901	0	2.19892	0.237856
GH51	0.31544	0.137509	0.172115	0.209534	0	0	0	1.90433	0.570015	0.734247	0	0.370685	1.64213	0	0	3.23037	3.20619	2.45671	1.85353	2.73524	6.17575	5.6747	5.15673	0	2.39702	2.40707	0	0	1.37533	2.38825	3.52135	1.69911	5.2924	4.22105	5.30209	4.93024	0	4.07208	3.09212
GH52	0	0	0	0	0	0	0	0	0	0	0	0	0	0	0	0	0	0	0	0	0	0	0	0	0	0	0	0	0	0	0	0	0	0	0	0	0	0.0814416	0
GH53	0.15772	0.206264	0.172115	0	0.221282	0.169998	0	0.952165	0	1.10137	1.01424	0	0	0.663065	0	7.1786	4.27492	7.67721	1.85353	2.34449	2.74478	1.80559	2.57836	0	0.799006	3.28237	0	0	0.825197	0.895592	1.50915	1.13274	1.49273	0.301504	1.39071	0.704321	0	1.71027	1.18928
GH54	0	0	0	0	0	0	0	0	0	0	0	0	0	0	0	0	0	0	0	0.390749	0	0	0	0	0	0	0	0	0	0	0	0	0.135703	0	0	0	0	0	0
GH55	0.0788599	0.0687547	0	0	0	0	0	0	0	0	0	0	0	0	0	0.71786	0	0	0	0	0	0	0	0	0.799006	0	0	0	0	0	1.13186	0.56637	0.678513	0.301504	0.173839	0.563456	0	0.162883	0
GH57	0.0788599	0	0	0	0	0	0	0.238041	0.570015	0.367124	0	0	0.547377	0.663065	0.602881	0	1.06873	0.921265	0.74141	1.95374	7.54814	5.41676	1.28918	0	0.799006	0.656475	0	0	0.275066	0.597061	0.377288	0	0.678513	1.50752	0.608436	0.281728	0	0.651533	0.713567
GH59	0	0	0	0	0	0	0	0	0	0	0	0	0	0	0	0.35893	0	0	0	0	0.228732	0	0	0	0	0	0	0	0.275066	0	0.125763	0	0	0	0.434597	0.281728	0	0.162883	0
GH5_1	0.15772	0	0.0860576	0.419069	0.442565	0.169998	0	0.238041	0.570015	0	0	0.370685	0	0	0	0	0	0	0	0	0	0	0.322296	0	0	0.218825	0	0	0.275066	0	0	0	0	0	0.173839	0.140864	0	0.162883	0
GH5_10	0	0.0687547	0	0	0	0	0	0.238041	0	0	0	0	0	0	0	0	0	0	0	0.390749	0	0.257941	0	0	0	0	0	0	0	0.298531	0.377288	0	0.54281	0	0.0869195	0.140864	0	0.325766	0
GH5_12	0	0	0	0	0	0	0	0	0	0	0	0	0	0	0	0	0	0	0	0	0	0	0.322296	0	0	0.218825	0	0	0	0	0	0	0	0	0	0	0	0.162883	0
GH5_13	0.55202	0.343774	0.172115	0.209534	0.442565	0	0	2.14237	0.570015	0.734247	0	1.11205	0	0	0.602881	2.51251	2.4937	4.29924	1.85353	1.563	1.14366	1.54764	3.86755	0	0	1.53177	0	0	0.825197	2.08972	0.880338	1.13274	6.37802	1.80902	3.30294	2.95815	0.654221	2.36181	2.1407
GH5_17	0	0	0	0	0	0	0	0	0	0	0	0	0	0	0	0	0	0	0	0	0.228732	0	0	0	0.799006	0	0	0	0	0	0	0	0	0	0	0	0	0	0
GH5_19	0	0.0687547	0	0	0	0	0	0.238041	0.570015	0.367124	0	0	0	0	0	0	0	0	0	0	0.228732	0	0.161148	0	0	0	0	0	0.275066	0	0	0	0	0	0	0	0	0	0
GH5_2	0.0788599	0.137509	0	0.419069	0	0	0	0.714124	0	0	0	0	0	0	0	1.79465	0.712486	1.22835	0	2.73524	0.228732	0	1.93377	0	2.39702	0.656475	0	0	0.275066	1.49265	0.628813	0.56637	1.08562	0	0.608436	0.563456	0	0.244325	0.237856
GH5_21	0	0	0	0	0	0	0	0	0	0	0	0	0	0	0	0	0	0	0	0.390749	0	0	0	0	0	0	0	0	0	0	0	0	0	0	0	0	0	0	0
GH5_22	0	0	0.0860576	0	0	0	0	0	0	0	0	0	0	0	0	1.07679	1.06873	0.307088	0	0.781498	0.914926	0.515882	0	0	0.799006	1.31295	0.942847	0	0	0	0.880338	0	0.271405	0	0.0869195	0	0	0.244325	0.713567
GH5_24	0	0	0	0	0.221282	0	0	0	0	0	0	0	0	0	0	0	0	0	0	0	0	0	0	0	0	0	0	0	0	0	0	0	0	0	0	0	0	0	0
GH5_25	0.15772	0.137509	0	0.209534	0.442565	0.169998	0	0	0	0.734247	0	0	0	0	0	1.79465	1.42497	1.53544	0.370705	1.17225	2.51605	2.57941	2.90066	0	0	0.8753	0	0	0.275066	0.298531	2.38949	0	1.35703	0.301504	1.04303	1.12691	0	0.814416	0.475711
GH5_26	0	0	0	0	0	0	0	0.238041	0	0	1.01424	0.370685	0	0	0	1.79465	1.42497	0.921265	0	0.390749	0.686195	0.515882	0.322296	0	0	0.218825	0.942847	0	0	0.298531	1.13186	0.56637	0.54281	0	0.347678	0.281728	0	0.651533	0
GH5_27	0	0	0	0	0	0	0	0	0	0	0	0	0	0	0	0	0	0	0	0.390749	0	0	0	0	0	0	0	0	0	0	0	0	0.135703	0	0	0	0	0.0814416	0
GH5_28	0.23658	0.137509	0	0	0	0	0	0	0	0	0.507118	0	0	0	0	2.51251	2.13746	0.614177	1.85353	1.95374	2.51605	1.03176	1.77263	0	1.59801	1.09412	0.942847	0	0	0	1.25763	0	1.08562	0	0.0869195	0.422592	0	0.407208	0.475711
GH5_29	0.0788599	0.0687547	0	0	0	0.169998	0	0	0	0	0	0	0	0	0	0	0.712486	0.307088	1.11212	0.390749	0	0.257941	0.161148	0	0	0	0	0	0	0	0.251525	0	0	0	0	0	0	0	0
GH5_31	0	0	0	0	0	0	0	0	0	0	0	0	0	0	0	0	0	0	0	0	0	0.257941	0	0	0	0	0	0	0	0	0	0	0	0	0	0	0	0	0
GH5_34	0.23658	0	0.0860576	0	0	0	0	0	0	0	0	0	0	0	0	0	0	0.307088	0.370705	0	0	0	0.483443	0	0	0	0	0	0.550131	0.298531	0.125763	0	0	0	0.0869195	0	0	0.0814416	0.237856
GH5_36	0.15772	0.0687547	0.0860576	0	0.221282	0.169998	0	1.66629	0	1.10137	0	0.370685	0	0.663065	0	2.51251	1.42497	0.921265	1.11212	0.390749	1.14366	0.515882	0.644591	0	0	0.218825	0	0	1.92546	1.79118	1.25763	0.56637	0.949918	1.20602	0.782275	0.986049	0	1.46595	1.18928
GH5_37	0	0	0	0	0	0	0	0	0	0	0	0	0	0	0	0	0	0	0	0	0	0	0	0	0	0	0	0	0	0	0	0.56637	0	0	0	0	0	0	0
GH5_38	0.0788599	0.0687547	0	0	0.442565	0.169998	0	0	0	0	0.507118	0	0	0	0	1.07679	0.712486	0.614177	0.370705	0	0.457463	0	1.12803	0	0	0	0	0	0	0.298531	1.63491	0	0.54281	0	0.0869195	0	0	0.325766	0.475711
GH5_39	0	0	0	0	0	0.169998	0	0.476083	0	0.367124	0	0	0	0	0	0	0	0	0	0	1.60112	1.2897	0.966887	0	0	0	0	0	0.275066	0.895592	0.377288	0	0.135703	0.904511	0.521517	0.563456	0	0.244325	0
GH5_4	0	0	0	0	0	0	0	0	0	0	0	0	0	0	0	0.35893	0.712486	1.84253	0	1.563	0.228732	0	0.161148	0	1.59801	0.656475	0	0	0	0	0.125763	0	0	0	0.173839	0	0	0.0814416	0
GH5_40	0	0	0	0	0	0	0	0	0	0	0	0	0	0	0	0	0	0	0	0.390749	0.228732	0.257941	0.322296	0	0	0	0	0	0.275066	0	0	0	0.135703	0	0.0869195	0.140864	0	0.162883	0
GH5_41	0	0	0	0	0	0	0	0	0	0	0	0	0	0	0	0	0	0	0.370705	0.390749	0.686195	0.773822	0.483443	0	0	0	0	0	0	0	0.251525	0	0	0	0	0	0	0.651533	0
GH5_42	0	0	0	0	0	0	0	0	0	0	0	0	0	0.663065	0	0	0	0	0.370705	0	0.228732	0.515882	0	0	0	0.43765	1.88569	0.258772	0	0	0.125763	0	0	0	0	0	0	0	0
GH5_43	0	0.206264	0	0	0.221282	0	0	0	0	0	0	0	0	0	0	0	0	0	0	0	0	0	0	0	0	0	0	0	0	0	0.125763	0	0	0	0	0	0	0	0
GH5_45	0	0	0	0	0	0	0	0	0	0	0	0	0	0	0	0	0	0	0	0	0	0	0	0	1.59801	0	0	0	0	0	0	0	0	0	0	0	0	0	0
GH5_46	0.31544	0	0	0	0	0	0	0	0	0	0	0	0	0.663065	0.602881	2.51251	1.42497	1.84253	0.74141	0.390749	2.74478	2.32147	3.22296	0	0.799006	0	0	0	0.550131	1.49265	2.26373	0	0.407108	0.301504	0.173839	0	0	0.0814416	0
GH5_47	0.0788599	0	0	0	0	0	0	0	0	0	0	0	0	0	0	0	0	1.22835	0.74141	0	0.228732	0.515882	0.161148	0	0	0	0	0	0	0.298531	0	0	0	0	0.173839	0	0	0.0814416	0
GH5_48	0	0	0.0860576	0	0	0	0	0.238041	0	0.367124	0.507118	0.370685	0	0.663065	0	0	0	0	0.370705	0	2.28732	2.32147	1.28918	0	0	0	0	0	0.275066	0.298531	0.50305	0	0.54281	0.904511	0.608436	0.563456	0	0.244325	0.237856
GH5_5	0	0.0687547	0	0	0.221282	0	0.273694	0	0	0	0	0	0.547377	0	0	0	0	0	0	0.781498	0	0	0.322296	0	0	0	0	0.258772	0	0	0	0	0.407108	0	0.173839	0.140864	0	0.162883	0
GH5_54	0.0788599	0	0	0	0	0	0	0	0	0	0.507118	0	0.547377	0.663065	0	0	0	0	0	0.390749	0.914926	0.773822	0.161148	0	0	0	0	0	0	0	0	0	0.135703	0	0	0	0	0.244325	0
GH5_55	0	0	0	0	0	0	0	0	0	0.367124	0	0.370685	0	0	0.602881	0.71786	0	0	0	0	0	0	0	0	0	0	0	0	0	0	0	0	0	0	0	0	0	0	0
GH5_56	0	0	0	0	0	0	0	0	0	0	0	0	0	0	0	0	0	0	0	0	0	0	0	0	0	0	0	0	0	0.298531	0	0	0	0	0	0.140864	0	0	0
GH5_7	0.0788599	0	0.0860576	0	0	0	0	0.476083	0	0.367124	0.507118	0	1.09475	0.663065	0.602881	0.35893	0	0	1.48282	1.563	0.914926	1.2897	0.322296	0	1.59801	0.8753	0	0.258772	0	0	0	0	0.678513	2.11053	1.30379	0.704321	0	0.814416	0.951423
GH5_8	0	0	0	0	0	0	0	0	0	0	0	0	0	0	0	0	0	0	0	0.390749	0	0	0	0	0	0	0	0	0	0	0.125763	0.56637	0	0	0	0	0	0	0
GH6	0	0	0	0	0	0	0	0	0	0	0	0	0	0	0	0	0.356243	0.307088	0	0.781498	0	0	0	0	0	0	0	0	0	0	0.125763	0	0.135703	0	0	0	0	0	0
GH62	0.0788599	0.137509	0.172115	0	0	0	0.273694	2.38041	0	0.367124	1.01424	0.370685	0	0	0	0.35893	0.356243	0.307088	0.370705	0	0	0	0.644591	0.236016	0	0.218825	0	0.258772	1.10026	2.38825	0.754575	0	1.22132	2.41203	1.91223	1.40864	0	1.79171	1.42713
GH63	0	0.137509	0	0.209534	0.221282	0	0	0.238041	0	0	0	0	0	0	0	0.71786	0	0.921265	1.48282	0.390749	1.60112	2.06353	0.966887	0	1.59801	1.53177	0	0	0	0	0.125763	0	0.271405	0.301504	0.521517	0.422592	0	0.732974	0
GH64	0	0	0	0	0	0	0	0	0	0	0	0	0	0	0	0.35893	0	0	0	0	0.228732	0.257941	0.483443	0	0	0.218825	0	0	0.275066	0	0	0	1.35703	0.603008	0.521517	0.422592	0	0	0
GH65	0.31544	0.137509	0.172115	0	0	0.169998	0	0	0	0.367124	0	0	0	0	0	1.79465	0.356243	1.22835	0.370705	0	0	0	0.161148	0	0	0	0	0	0	0	0	0	0.135703	0	0.260758	0	0	0.0814416	0
GH66	0	0	0	0	0	0	0	0	0	0	0	0	0	0	0	0	0	0	0	0	0	0.257941	0.322296	0	0.799006	0.43765	0	0	0	0	0	0	0.271405	0	0.173839	0	0	0	0
GH67	0	0.0687547	0	0	0	0	0	0.238041	0	0	0	0.370685	0	0	0	0	0	0	0	0.781498	0	0	0.161148	0	0	0	0	0	0	0	0.251525	0.56637	0.949918	0.603008	0.695356	0.140864	0	0.325766	0
GH71	0	0	0	0	0	0	0	0	0	0	0	0	0	0	0	0	0	0	0	0.390749	0	0	0	0	0	0	0	0	0	0	0	0	0	0	0.0869195	0	0	0	0
GH73	7.41283	6.73796	3.35625	2.51441	3.98308	7.4799	3.01063	0.476083	0	0.367124	0.507118	0	1.09475	0.663065	1.20576	21.5358	15.3185	15.6615	7.78481	18.3652	5.94702	4.90087	20.3046	0.472032	19.1761	17.2872	13.1999	2.32895	1.10026	0.895592	8.55185	9.6283	1.22132	0.603008	1.73839	1.26778	0.654221	5.78235	4.99497
GH74	1.34062	1.16883	1.03269	0.419069	1.10641	0.509993	1.91586	2.61845	0.570015	1.83562	0	1.85342	0	0	0	5.38395	4.98741	8.90556	1.11212	1.563	3.43097	2.83735	4.99558	0.472032	0.799006	1.53177	0.942847	2.07017	2.20053	1.49265	3.89864	1.69911	0.949918	2.11053	2.17299	1.9721	5.23377	1.9546	1.42713
GH75	0	0	0	0	0	0	0	0	0	0	0	0	0	0	0	0	0	0	0	0	0	0	0	0	0	0	0	0	0	0	0	0	0	0	0	0	0	0.0814416	0
GH76	0.0788599	0.0687547	0	0	0.221282	0.169998	0	0	0	0	0	0	0	0	0	2.51251	1.78122	1.84253	0	0.390749	0	0	0.161148	0	0	0.218825	0	0	0	0.895592	0.125763	0	0.135703	0	0.0869195	0	0	0	0
GH77	0.23658	0.412528	0.258173	0	0.663847	0.339995	0.547388	0	0.570015	0	0	0.370685	0	0	0	0.35893	1.42497	0.307088	1.85353	2.73524	0.914926	0.257941	0.161148	0.236016	0	0.218825	0.942847	0.258772	0.550131	0.298531	0.628813	0	0.407108	0	0.0869195	0.281728	0.654221	0.814416	0.237856
GH78	0.31544	0.343774	0.0860576	0	0	0.169998	0.273694	0.952165	0	0	0.507118	0	0	0	0	16.8697	7.83735	5.52759	1.11212	3.51674	8.0056	4.90087	10.9581	0	1.59801	5.03297	0	0	1.10026	0.597061	4.65321	1.13274	11.1276	2.71353	6.2582	3.9442	0	5.04938	2.1407
GH79	0	0	0	0	0	0	0	0	0	0	0	0	0	0	0	0	0	0	0	0	0.228732	0	0	0	0	0	0	0	0	0	0	0	0.271405	0	0	0.140864	0	0.0814416	0
GH8	0.3943	0.275019	0	0	0.442565	0	0.547388	0	0.570015	0	0	0.741369	0	0	0	0.35893	0.356243	0.307088	0	2.73524	4.11717	3.09529	3.7064	0	1.59801	0.656475	0	0.258772	1.37533	0.597061	0.50305	0.56637	1.22132	0.904511	0.956114	0.845185	0.654221	0.488649	0
GH81	0.0788599	0	0	0.209534	0	0	0	0	0	0	0	0	0	0	0	0	0	0.307088	0	1.17225	0	0	0.322296	0	0.799006	0.218825	0	0	0.275066	0	0.377288	1.69911	0.271405	0	0.0869195	0.140864	0	0.0814416	0
GH82	0	0	0	0	0	0	0	0	0	0	0	0	0	0	0	0	0	0	0	0	0	0	0	0	0	0	0	0	0	0	0	0	0.135703	0	0	0	0	0.0814416	0
GH84	0	0.275019	0.344231	0.209534	0.221282	0	0	0.476083	0	0	0	0.370685	0	0	0	0	0.712486	0	0.74141	1.563	0.686195	0.773822	1.61148	0	0	0.656475	0.942847	0	0.550131	0	0.251525	0.56637	0.135703	0.301504	0.173839	0.140864	0.654221	0.325766	0
GH85	0	0	0	0	0	0	0	0	0	0	0	0	0	0	0	0.35893	1.06873	0.307088	0.74141	1.563	0	0.257941	0.322296	0	0	0	0	0	0	0	0.251525	0	0	0	0	0	0	0.162883	0.237856
GH86	0	0	0	0	0	0	0	0	0	0	0	0	0	0	0	4.30716	0.356243	0.921265	0	0	0	0	0	0	0	0	0	0	0	0	0.377288	0	0.271405	0	0.173839	0	0	0	0
GH87	0	0	0	0	0	0	0	0	0	0	0	0	0	0	0	0	0	0	0	0	0.228732	0.515882	0.161148	0	0	0	0	0	0	0	0	0	0	0	0	0	0	0	0
GH88	0.31544	0	0.430288	0	0	0.339995	0	0.238041	0	0	0	0.370685	0	0.663065	0.602881	7.1786	2.4937	2.45671	0.370705	5.47049	1.14366	0.773822	1.28918	0	0	0.8753	0	0.258772	0.275066	0.895592	2.38949	0.56637	2.84975	0.603008	1.47763	1.54951	0	0.814416	0.237856
GH89	0	0	0	0	0	0	0	0	0	0	0	0	0	0	0	1.07679	0.356243	0.614177	0	0.781498	1.14366	1.03176	0.966887	0	0.799006	1.09412	0	0	0	0.298531	0.125763	0	0.54281	0.603008	0.782275	0.422592	0	0.732974	0.237856
GH9	0.31544	0.137509	0.0860576	0.209534	0	0	0.273694	1.42825	1.14003	0	0	0.370685	0	0	0	12.5625	6.76862	6.44886	1.48282	5.47049	2.28732	2.57941	4.35099	0	3.99503	2.6259	0	0.258772	0.550131	0.298531	4.40169	2.26548	3.12116	0	2.86834	0.986049	0.654221	1.46595	0.713567
GH92	0.788599	0.275019	0.172115	0.209534	0	0.339995	0	0.476083	0	0	0	0	0	0	0	29.0733	12.4685	9.21265	2.96564	7.03348	10.5217	5.41676	14.8256	0	7.99006	11.3789	0	0	0.275066	1.19412	3.26983	0	8.00645	1.50752	2.34683	1.9721	0	2.52469	1.66499
GH93	0.15772	0	0.0860576	0	0	0	0	0	0	0.734247	0	0	0	0	0	0.35893	0	0	0	0	0.457463	0.773822	2.25607	0	0	0	0	0	0.275066	0.895592	0	0	0.814216	0	0.347678	0	0	0.488649	0.237856
GH94	0.0788599	0.0687547	0.0860576	0	0	0	0	0.238041	0	0	0	0	0	0	0	0.35893	0.712486	0.307088	0.370705	0	0	0	0	0	0	0	0	0	0	0	0.50305	0	0.271405	0	0	0	0	0	0.237856
GH95	0.55202	0.618793	0.344231	0	0.663847	0.509993	0	2.61845	0	1.46849	0	0	0	0	0	20.1001	11.756	9.82683	4.81917	5.07974	4.11717	2.83735	4.0287	0	2.39702	3.72002	0	0	2.47559	3.8809	6.79118	1.69911	18.9984	4.52256	9.64806	8.45185	0	7.81839	3.56784
GH96	0	0	0	0	0	0	0	0.238041	0	0	0	0	0	0	0	0	0	0	0.370705	0	0.457463	0.257941	0.161148	0	0	0.218825	0	0	0	0.895592	0.125763	0	0.407108	0.301504	0.173839	0.422592	0	0.244325	0
GH97	1.10404	0.275019	0.0860576	0.628603	0.442565	0.169998	0	1.90433	0	2.20274	0.507118	0.370685	0.547377	0.663065	1.20576	15.434	8.19359	9.21265	2.59494	4.29824	6.86195	5.15882	9.18543	0	3.99503	10.5036	0.942847	0	1.65039	1.49265	7.16847	2.83185	2.98546	2.71353	2.86834	2.39469	0	3.58343	2.1407
GH98	0	0	0	0	0	0	0	0	0	0	0	0	0	0	0	0	0	0	0	0.390749	0	0	0	0	0	0	0	0	0	0	0	0	0	0	0.0869195	0	0	0	0
GH99	0	0.0687547	0.516346	0.419069	0	0.169998	0	2.8565	0	0.734247	3.54982	0	1.09475	1.9892	0.602881	2.51251	2.84995	0.921265	6.30199	0.781498	9.83546	9.54381	5.31788	0	0	1.09412	0	0.517544	1.37533	2.08972	2.13796	0.56637	3.66397	2.11053	4.51981	3.38074	0.654221	3.09478	3.09212
GT1	0	0.206264	0.344231	0	0.663847	0.169998	0.273694	0.952165	0	0.367124	0.507118	0	0	0.663065	0	0.71786	0.356243	0	1.11212	0.390749	0.914926	0.773822	1.12803	0	1.59801	0.218825	0	0.258772	0.275066	0	0.125763	2.26548	0.135703	0	0.347678	0.281728	0	0.732974	0.475711
GT10	0	0.0687547	0	0	0	0	0	0	0	0	0	0	0	0	0	0	0	0	0	0	0	0	0	0	0	0	0	0	0	0	0	0	1.35703	0.904511	1.65147	0.281728	0	0.162883	0
GT102	0	0	0	0	0	0	0	0	0	0	0	0	0	0	0	0	0	0	0	0	0	0	0	0	0	0	0	0	0	0	0	0	0	0	0	0	0	0.0814416	0
GT104	0	0	0	0	0	0	0	0	0	0	0	0	0	0	0	0	0	0	0	0	0	0	0	0	0	0	0	0	0	0	0	0	0.135703	0	0	0	0	0	0
GT107	0	0	0	0	0	0	0	0	0	0	0	0	0	0	0	0	0	0	0	0.781498	0	0	0	0	0	0	0	0	0	0	0.125763	0	0	0	0	0	0	0	0
GT11	0.23658	0	0.172115	0	0	0.339995	0	0	0	0	0	0	0	0	0	0	0	0.307088	0	0.781498	0	0	0.161148	0	0	0	0	0	0	0	0	0	1.35703	0.301504	0.434597	0	0	0.651533	0
GT14	0	0	0	0	0.221282	0.169998	0	0	0	0	0	0	0	0	0	1.43572	0.356243	1.53544	0	0.390749	0	0	0	0	0	0	0	0	0	0	0	0.56637	0	0	0.0869195	0	0	0	0
GT17	0	0	0	0	0	0	0	0	0	0	0	0	0	0	0	0	0	0	0	0	0	0	0	0	0	0	0	0	0.275066	0	0	0	1.49273	3.01504	1.12995	0.563456	0	0.0814416	0
GT19	0.23658	0.275019	0.344231	0.419069	0	0.169998	0.273694	0.476083	0	0	0	0.370685	0	0	0	0	0	0	0	0	0	0.257941	0.644591	0	0	0	0	0.258772	0.275066	0	0	1.13274	0.135703	0	0.260758	0.140864	0.654221	0.244325	0
GT20	0	0.0687547	0.258173	0.209534	0.221282	0	0.273694	0	0.570015	0	0	0	0	0	0	0	0.356243	0	0	0.781498	0.228732	0	0	0	0	0	0	0	0	0	0.125763	0	0.135703	0	0	0.281728	0	0	0
GT21	0.15772	0.0687547	0.516346	0.628603	0.221282	0.169998	1.36847	0.238041	0	0	0.507118	0	0.547377	0	0	0.35893	0	0	0.370705	0.390749	1.82985	1.2897	0.483443	0.708048	0.799006	1.53177	0	1.03509	1.37533	0.895592	0.628813	0	2.17124	1.20602	1.12995	1.26778	0.654221	1.22162	0.951423
GT22	0.15772	0.0687547	0.0860576	0.209534	0	0	0	0	0	0	0	0	0	0	0	0	0	0.614177	0.370705	0	0	0.257941	0.805739	0	0	0.43765	0	0.258772	0.275066	0.298531	0.251525	0	0	0	0.0869195	0	0	0.162883	0
GT23	0.0788599	0	0	0	0	0	0	0	0	0	0	0	0	0	0	0	0	0	0	0	0	0	0	0	0	0.218825	0.942847	0	0	0	0	0	2.17124	0	1.04303	1.12691	0	0	0
GT25	0	0.0687547	0	0	0	0.169998	0	0	0	0	0	0	0	0	0	0.35893	0.712486	0.614177	0	0.390749	0	0	0	0	0	0	0	0	0	0	0	0	0.949918	0	1.82531	0.422592	0	0.977299	0.237856
GT26	0.23658	0.481283	0.344231	0.419069	0.442565	0.679991	0.273694	0.714124	0	0.367124	0.507118	0.370685	0	0	0.602881	0.35893	0.712486	0.614177	0.370705	1.563	0.457463	1.03176	0.483443	0.236016	0	0.43765	0.942847	0.517544	0.275066	0.298531	0.50305	1.13274	0.949918	0	1.21687	0.140864	0	0.325766	0.951423
GT27	0	0.0687547	0	0	0	0	0	0	0	0	0	0	0	0	0	0	0	0	0	0	0	0	0	0	0	0	0	0	0	0	0	0	0.135703	0.301504	0	0	0	0	0
GT28	4.65274	4.4003	3.61442	4.60976	3.98308	4.07995	6.84235	4.99887	2.28006	2.56987	1.52135	3.70685	3.28426	7.29372	4.22017	3.23037	6.41238	7.06303	8.15551	14.4577	7.09068	6.44852	6.44591	1.88813	8.78907	4.3765	7.54277	3.6228	4.67612	1.19412	4.40169	6.79644	4.47819	3.61805	4.60673	4.22592	3.92532	4.23496	4.51926
GT29	0	0	0	0	0	0	0	0	0	0	0	0	0	0	0	0	0	0	0	0	0	0	0	0	0	0	0	0	0	0	0	0	0.135703	0	0	0	0	0.325766	0.237856
GT2_Glyco_tranf_2_3	0.788599	1.16883	0.774519	0.209534	0.663847	0.679991	1.09478	0.714124	0	0	0	0	1.09475	0.663065	0.602881	1.79465	2.13746	1.53544	4.07776	5.86123	2.51605	1.80559	0.805739	0.472032	0	0.218825	0	1.55263	1.10026	0.597061	2.26373	3.39822	1.22132	1.50752	1.12995	0.704321	2.61688	0.488649	0.237856
GT2_Glyco_tranf_2_4	0	0.0687547	0	0	0	0	0	0	0	0	0	0	0	0	0	0	0	0.307088	0.370705	0	0	0	0	0	0	0	0	0	0	0	0	0	0	0	0	0	0	0	0
GT2_Glyco_tranf_2_5	0	0	0	0	0	0	0	0	0	0	0	0	0	0	0	0	0	0	0	0	0	0	0	0	0	0	0	0	0	0	0	0	0	0	0	0	0	0.244325	0
GT2_Glyco_trans_2_3	0.23658	0.137509	0.172115	0.419069	0.221282	0	0	0	0	0	0	0.370685	1.09475	0	0	0.71786	0	0	0.370705	1.17225	1.14366	1.03176	0.644591	0	0.799006	0.43765	0.942847	0.258772	0	0.597061	0.377288	0	0.271405	0	0.260758	0	0	0.244325	0.237856
GT2_Glycos_transf_2	9.38433	10.8632	11.2735	9.42905	9.51514	8.15989	9.3056	9.99774	12.5403	10.6466	12.1708	8.15506	10.4002	11.2721	10.249	16.5108	11.756	14.7402	13.3454	22.6634	18.2985	17.282	15.309	4.95634	14.3821	11.1601	9.42847	14.2324	10.4525	9.25445	12.9535	11.8938	33.1114	13.8692	27.2058	25.4964	15.0471	10.1802	7.84924
GT3	0	0	0	0	0	0	0	0	0	0	0	0	0	0	0	0	0	0	0	0	0	0.257941	0	0	0	0	0	0	0	0	0	0	0	0	0	0	0	0	0
GT30	4.57388	4.81283	3.95865	3.35255	4.20436	3.39995	6.29496	4.0467	5.13014	1.46849	3.54982	1.85342	2.18951	1.9892	2.41153	2.51251	5.34365	4.91341	6.30199	7.81498	4.11717	3.35323	3.7064	0.944064	2.39702	3.06355	3.77139	2.07017	3.02572	2.68678	3.26983	8.49556	1.62843	1.80902	2.6945	2.81728	6.54221	2.36181	2.85427
GT31	0.0788599	0	0	0	0	0	0	0	0	0	0	0	0	0	0	0	0	0	0	0	0	0	0	0	0	0	0	0	0	0	0	0	0	0	0	0.140864	0	0	0
GT32	0.0788599	0.0687547	0	0	0	0.509993	0	0	0	0	0	0	0	0	0	0	0	0	0	0.390749	0	0	0	0	0	0.218825	0	0.258772	0.275066	0	0	0	5.021	0	4.43289	5.77543	0	1.14018	0
GT35	0.0788599	0	0	0.209534	0.221282	0	0	0.476083	0	0	0	0	0	0	0	0	0	0	0	0	0.457463	0.773822	0	0	0	0	0	0	0	0	0	0.56637	0.135703	0.603008	0.0869195	0	0	0.0814416	0
GT39	0.31544	0.756302	1.63509	0.419069	1.99154	1.35998	0.547388	0.714124	0	1.10137	2.02847	0.741369	0.547377	1.9892	4.22017	0	0.712486	0	0.74141	1.17225	10.0642	8.2541	2.73951	0	0.799006	2.40707	0	1.29386	0.550131	2.38825	0.754575	0	1.89984	2.41203	3.1291	1.9721	0	1.62883	1.42713
GT4	8.43801	9.62566	11.876	7.3337	8.85129	8.83988	15.0532	13.0923	13.1104	15.0521	17.242	14.8274	18.0635	21.8812	18.6893	9.33218	12.8248	12.5906	13.3454	19.9282	30.8788	27.0838	18.532	4.4843	21.5732	16.8495	10.3713	12.6798	12.653	11.6427	13.5824	11.8938	27.4119	20.5023	23.0337	19.4392	12.4302	13.6007	12.6064
GT41	0	0.0687547	0.0860576	0	0.221282	0	0.273694	0	0	0	0	0	0	0	0	0	0	0	0	0	0	0	0	0	0	0	0	0	0	0	0	0	0.135703	0	0	0	0	0	0.237856
GT47	0	0	0	0	0	0	0	0	0	0	0	0	0	0	0	0	0	0	0	0	0	0	0	0	0	0	0	0	0	0	0	0	1.08562	0	0.434597	0.422592	0	0	0
GT5	0.31544	0.0687547	0.258173	0	0.663847	0.339995	0.273694	0.238041	0	0	0	0	0	0	0	0	1.06873	1.22835	1.11212	1.563	1.37239	3.09529	2.09492	0	0	0.8753	0	0	0.275066	0	0.125763	0.56637	1.49273	0.603008	0.521517	0.281728	1.30844	0.977299	0.475711
GT51	12.5387	11.8258	12.6505	8.38138	11.728	13.0898	21.0744	9.04557	5.70015	9.17809	8.11388	9.26712	6.02115	10.609	9.6461	23.6894	19.9496	27.945	19.2767	53.9234	16.4687	17.282	20.6269	2.83219	27.1662	19.2566	20.7426	15.7851	14.8535	10.7471	20.6251	19.2566	12.3489	7.53759	10.6042	7.60666	9.81331	10.8317	11.8928
GT53	0	0	0	0	0	0	0	0	0	0	0	0	0	0	0	0	0	0	0	0	0	0	0	0	0	0	0	0	0	0	0	0	0	0	0	0	0	0.0814416	0
GT55	0	0	0	0	0	0	0	0	0	0	0	0	0	0	0	0	0	0	0	0	0.457463	0.257941	0	0	0	0	0	0	0	0	0	0	0	0	0	0	0	0	0
GT59	0	0.0687547	0	0	0	0	0	0	0	0	0	0	0	0	0	0	0	0	0	0	0	0	0	0	0	0	0	0	0	0	0.125763	0	0.54281	0	0.0869195	0	0	0.0814416	0
GT6	0	0	0	0	0	0	0	0	0	0	0	0	0	0	0	0	0	0	0	0	0	0	0	0	0	0	0	0	0	0	0	0	1.62843	0.603008	1.99915	2.25383	0	0	0
GT60	0.0788599	0.137509	0.172115	0	0.221282	0.169998	0	0	0	0.367124	0	0	0	0	0	0	0.356243	0	0	0	0	0	0	0	0	0	0	0	0	0	0	0	0.271405	0	0	0.140864	0	0.814416	0.237856
GT66	2.20808	2.33766	2.2375	2.93348	0.885129	1.69998	1.64216	0.714124	0	0.367124	0	0	1.64213	2.65226	3.01441	0.35893	0.356243	0.307088	0.370705	1.17225	6.86195	9.80175	1.77263	0.236016	6.39205	1.31295	2.82854	2.07017	0.825197	1.49265	0.251525	0	1.62843	3.91955	1.04303	1.12691	4.57955	1.79171	1.18928
GT7	0	0	0	0	0	0	0	0	0	0	0	0	0	0	0	0	0	0	0	0	0	0	0	0	0	0	0	0	0	0	0	0	0	0	0	0	0	0.0814416	0
GT71	0	0	0	0	0	0.169998	0	0	0	0	0	0	0	0	0	0	0	0	0	0	0	0	0	0	0	0	0	0	0	0	0	0	0	0	0.0869195	0	0	0	0
GT73	0	0	0.0860576	0	0	0	0	0	0	0	0	0	0	0	0	0	0	0	0	0	0	0	0	0	0	0	0	0	0	0	0	0	0	0	0	0	0	0	0
GT74	0	0.0687547	0	0	0	0.169998	0	0	0	0	0	0	0	0	0	0	0	0	0	0	0	0	0	0	0	0	0	0	0	0	0	0	3.66397	0.904511	3.21602	2.95815	0	0	0
GT75	0.15772	0	0	0	0	0	0	0	0	0.367124	0	0	0	0	0	0	0	0	0	0	0.228732	0.257941	0	0	0	0	0	0	0	0	0	0	0	0	0.173839	0.281728	0	0	0
GT76	0.0788599	0.206264	0.0860576	0	0	0	0.547388	0	0	0	0.507118	0	0.547377	0.663065	0	0	0.356243	0.307088	0.74141	0.781498	1.37239	1.2897	0.161148	0	0	0.43765	0	0.517544	0	0.298531	0.125763	0	0.678513	0	0.434597	0.563456	0	0.244325	0
GT77	0	0	0.0860576	0	0	0	0	0	0	0	0	0	0	0	0	0	0	0	0.370705	0	0	0	0	0	0	0	0	0	0	0	0	0	0.135703	0	0	0	0	0	0
GT8	0.0788599	0	0	0.209534	0	0	0	0	0	0	0	0	0	0	0	0	0	0	0	0.781498	0	0	0	0	0	0	0	0	0	0	0	0.56637	0.135703	0	0.0869195	0.140864	0	0.162883	0
GT81	0	0.0687547	0.0860576	0.419069	0.221282	0.169998	0.547388	0.238041	0.570015	0	0	0	0	0	0	0	0	0.307088	0	0.781498	0.686195	0.257941	0.161148	0.236016	0.799006	0.218825	0	0.258772	0	0.298531	0.251525	0	0	0.603008	0	0.281728	0	0.0814416	0.713567
GT83	3.62756	4.26279	5.59375	0.838138	2.65539	2.88996	11.7688	7.61732	3.42009	5.50685	11.1566	2.96548	13.1371	14.5874	19.2922	13.6393	12.8248	9.51974	26.6908	11.3317	61.0713	60.1002	36.9028	0.708048	14.3821	11.3789	11.3142	5.43421	10.1774	6.56768	11.5702	7.36282	17.2342	17.4872	22.2514	14.2273	11.776	16.1254	10.7035
GT84	0.0788599	0	0.344231	0	0	0.169998	0.273694	0	0	0.367124	0	0	0	0	0	0	0.356243	0.307088	0	0.781498	0	0	0	0	0	0	0	0	0.275066	0	0.50305	0.56637	0	0	0.0869195	0	0	0.162883	0
GT87	0.23658	0.206264	0.258173	0	0.442565	0.169998	0	0	0	0	0	0.741369	0.547377	1.9892	1.20576	0.35893	2.13746	0.307088	3.33635	0.390749	1.14366	2.06353	0.966887	0	0.799006	0.218825	0	0.258772	0.825197	0.895592	0.754575	0.56637	0.407108	0.904511	1.21687	0.281728	0	0.977299	0.713567
GT89	0.867459	1.5126	1.37692	0.209534	0.442565	0.339995	2.46325	1.42825	0	0	1.01424	0.741369	0.547377	0	0	1.43572	1.78122	0.307088	4.07776	0	4.57463	3.35323	2.41722	0	1.59801	0.218825	0	1.29386	0.275066	0.298531	1.50915	0	0.949918	1.50752	1.39071	0.704321	1.96266	2.44325	0.713567
GT9	0.946319	2.33766	1.72115	1.88581	0.663847	1.35998	5.47388	2.14237	3.42009	1.10137	1.01424	3.70685	1.64213	1.9892	2.41153	1.79465	4.27492	1.22835	2.59494	1.563	5.03209	3.61117	4.67329	0.708048	0	2.6259	0.942847	2.58772	3.57585	2.38825	1.63491	1.69911	2.71405	4.52256	2.52066	3.09901	3.2711	2.9319	2.37856
GT90	0	0	0	0	0	0	0	0	0	0	0	0	0	0	0	0	0	0	0	0	0	0	0	0	0	0	0	0	0	0	0	0	0.407108	0.603008	0.608436	0	0	0.244325	0
GT92	0	0	0	0	0	0	0	0	0	0	0	0	0	0	0	0	0	0	0	0	0	0	0	0	0	0	0	0	0	0.298531	0	0	1.89984	1.20602	0.869195	0.281728	0	0.0814416	0
GT94	0	0	0.172115	0	0	0	0	0	0	0	0	0	0	0	0.602881	0	0	0	0	0.390749	0	0.257941	0	0	0	0	0	0	0	0	0.125763	0	0	0	0.173839	0.140864	0	0	0
GT96	0	0	0	0	0	0	0	0	0	0	0	0	0	0	0	0	0	0	0	0	0	0	0	0	0	0	0	0	0	0	0	0	0	0	0	0.140864	0	0	0
PL1	0.0788599	0	0	0	0	0	0	0.714124	0	0	0	0.370685	0	0	0	0	0	0	0.74141	1.563	0	0	0	0	0	0	0	0.258772	0.275066	0.597061	0.377288	0	0.135703	0.603008	0.347678	0.704321	0	0.814416	0.475711
PL10	0	0	0	0	0	0	0	0.238041	0	0.367124	0	0	0	0	0	0	0	0	0.370705	0	0.457463	0	0	0	0	0.218825	0	0	0	0.298531	0.377288	0	0.54281	0.904511	0.434597	0.704321	0.654221	0.407208	0
PL10_1	0	0	0	0	0	0	0.273694	1.19021	0	0.367124	0	0	0	0	0	0.35893	0.356243	0.307088	1.11212	0.390749	0	0.257941	0.483443	0	0	0.218825	0	0	0.275066	0.895592	0.50305	0	1.35703	1.80902	1.39071	0.704321	0	1.30307	1.18928
PL10_2	0	0	0	0	0	0	0	0	0	0	0	0	0	0	0	0	0	0	0	0	0	0	0	0	0	0	0	0	0	0.298531	0.628813	0	0.949918	0.603008	1.47763	0.563456	0	0.651533	0.237856
PL10_3	0.0788599	0.137509	0.258173	0	0	0.169998	0	0.476083	0	0	0	0	0	0	0	0.71786	0.356243	0.614177	0.370705	0.781498	0.686195	0.515882	0.966887	0	0	0.43765	0	0	1.10026	1.19412	0.50305	0	1.62843	0.603008	0.782275	0.704321	0	0.732974	0.237856
PL11	0	0	0	0	0	0	0	1.90433	0	0.367124	0	0	0	0	0	0.35893	0.356243	0	0	0	1.14366	0.773822	0.644591	0	0	0	0	0	0.275066	0.895592	1.0061	0	3.39257	2.71353	2.17299	2.11296	0	1.54739	0.237856
PL11_1	0	0.137509	0.0860576	0	0	0	0	0.238041	0	0	0	0	0	0	0	0	0.356243	0	0.370705	0.781498	0.228732	0	0.161148	0	0	0	0	0	0	0.895592	0.377288	0.56637	1.22132	0.904511	1.12995	0.845185	0	0.814416	0.237856
PL11_2	0	0	0	0	0	0	0	0.238041	0	0	0	0	0	0	0	0	0	0	0	0	0	0	0	0	0	0	0	0	0	0	0	0	0	0.301504	0.0869195	0.704321	0	0.244325	0.475711
PL12	0.15772	0	0.258173	0.209534	0	0	0	0.476083	0	0.734247	0	0	0	0.663065	0	1.79465	1.42497	1.22835	0	1.17225	0.686195	0.257941	0.322296	0	0	0.8753	0.942847	0	0	0.298531	0.628813	0	0.814216	0.603008	0.956114	0.845185	0	0.488649	0.475711
PL12_2	0	0	0	0	0	0	0	0	0	0	0	0	0	0	0	0.35893	0	0.307088	0	0	0	0	0	0	0	0.218825	0	0	0	0	0	0	0.135703	0	0.173839	0	0	0.0814416	0.237856
PL12_3	0.23658	0.275019	0.516346	0	0.442565	0.169998	0	0.238041	0	0.367124	1.01424	0.370685	0	0	0.602881	0	0.356243	0	0.370705	0	0	0.257941	0	0	0	0	0	0	0	0	0.251525	0	0.271405	0.301504	0.347678	0.422592	0	0.407208	0.475711
PL14	0.0788599	0.137509	0.774519	0.419069	0	0.169998	0.273694	1.19021	0	1.46849	0.507118	0	0.547377	0.663065	0.602881	1.79465	2.13746	2.7638	2.22423	2.73524	0.457463	0.257941	0.161148	0	0	0	0	0.776315	0.825197	0.597061	1.50915	1.13274	2.57835	1.50752	1.30379	0.845185	0	0.895857	0
PL14_3	0.0788599	0.206264	0.0860576	0	0.221282	0.169998	0.273694	0.714124	0	0.734247	0	0	0	0	0	2.15358	1.06873	2.14962	0	1.17225	0.457463	0.257941	0.805739	0	0	0.218825	0	0.258772	0	0	1.0061	0	0.678513	0.301504	0.173839	0.563456	0	0.488649	0
PL15	0.0788599	0.137509	0.0860576	0	0	0	0	0.476083	0	0	0.507118	0.370685	0.547377	0.663065	0	0.35893	0	0	2.22423	0	0.686195	0.773822	0.161148	0	0.799006	0.656475	0	0	0.825197	0.895592	0.50305	0	1.89984	1.50752	1.12995	0.986049	0	0.895857	0.713567
PL17	0	0	0	0	0	0	0	0	0	0	0	0	0	0	0	0.35893	1.42497	0.921265	0.370705	2.73524	0.686195	0.257941	0.483443	0	0	0	0	0	0	0.298531	0.880338	0.56637	0.54281	0	0.260758	0.281728	0	0.162883	0
PL17_2	0	0.0687547	0	0	0	0	0	0	0	0	0	0	0	0	0	0.71786	1.42497	2.7638	0.370705	3.90749	0.228732	0.257941	0	0	0	0	0	0	0	0	1.38339	0.56637	0.135703	0	0.0869195	0.140864	0	0	0
PL1_2	0.788599	0.550038	0.860576	0.419069	0.442565	0.679991	0	7.85536	1.71005	4.40548	1.52135	1.85342	0.547377	1.32613	1.80864	6.81967	1.78122	4.60633	2.59494	5.47049	3.65971	3.35323	2.90066	0	4.79404	3.93885	0.942847	1.55263	2.75066	8.65739	7.92304	6.23007	10.042	5.72857	8.34427	7.18407	0	7.2483	4.99497
PL1_4	0	0	0	0	0	0	0	0	0	0	0	0	0	0	0	0	0	0	0	0	0	0	0	0	0	0	0	0	0	0	0	0	0.135703	0	0	0	0	0	0
PL2	0	0	0	0	0	0	0	1.90433	0	0.367124	0	0	0	0.663065	0	0	0	0	0	0	0	0	0	0	0	0.218825	0	0	0.275066	1.79118	0	0	1.49273	1.50752	1.65147	0.986049	0	1.46595	1.18928
PL20	0	0	0	0	0	0	0	0.238041	0	0	0	0	0	0	0	0	0	0	0	0	0.228732	0	0	0	0	0	0	0	0.275066	0	0	0	0.135703	0	0	0	0	0.0814416	0
PL21	0	0	0	0	0	0	0	0	0.570015	0	0	0	0	0	0	0	0	0	0	0	0	0.257941	0	0	0	0.43765	0	0	0	0	0	0	0	0	0.0869195	0.281728	0	0	0.237856
PL21_1	0	0	0	0	0	0	0	0	0	0	0	0	0	0	0	0	0	0	0	0	0.228732	0	0.161148	0	0	0	0	0	0	0	0.125763	0	0.678513	0	0	0.140864	0	0	0
PL22	0.15772	0.137509	0.172115	0.419069	0.221282	0.509993	0	0.476083	0	0	0	0	0	0.663065	0.602881	0.35893	0	0.307088	0.74141	0	0	0	0.161148	0	0.799006	0.43765	0.942847	0	0	0	0.50305	0	0.135703	0.603008	0.347678	0.281728	1.96266	0.325766	0.475711
PL22_2	0	0	0	0	0	0	0	0	0	0	0	0	0	0	0	0.35893	0	0.307088	0	0	0	0	0	0	0	0.218825	0	0	0	0	0	0	0.135703	0	0.260758	0.140864	0	0	0.237856
PL24	0	0	0	0	0	0	0	0	0	0	0	0	0	0	0	0	0	0	0	0	0	0	0	0	0	0	0	0	0	0	0.125763	0	0	0	0	0	0	0.162883	0
PL25	0.23658	0	0.0860576	0	0	0	0	0.714124	0	0	0	0	0	0	0	0.35893	0.356243	0	0	0	0.457463	0	0	0	0	0.218825	0	0	0	0.298531	0.377288	1.13274	1.49273	0.603008	0.782275	0.986049	0	1.05874	0.237856
PL26	0.0788599	0.0687547	0	0	0	0	0	0	0	0	0	0	0	0	0	0	0	0	0	0.390749	0.228732	0	0	0	0	0	0	0	0	0	0.125763	0	0.135703	0	0.260758	0	0	0.0814416	0.237856
PL27	0	0	0	0	0	0	0	0	0	0	0	0	0	0	0	0	0	0	0	0	0	0.257941	0	0	0	0	0	0	0	0	0	0	0	0	0.0869195	0	0	0	0
PL29	0.15772	0.0687547	0.172115	0	0	0	0	0.476083	0	0	0	0.370685	0	0	0	3.5893	1.06873	3.68506	1.85353	1.17225	1.60112	0.773822	1.12803	0	0	0.43765	0	0	0	0.895592	1.25763	2.83185	1.62843	0.603008	1.21687	0.986049	0	0.651533	0.713567
PL3	0	0	0	0	0	0	0	0	0	0	0	0	0	0	0	0	0	0.307088	0	0	0	0	0	0	0	0	0	0	0	0	0	0	0	0	0	0	0	0	0
PL30	0	0	0	0	0	0	0	0	0	0	0	0	0	0	0	0	0	0	0	0	0	0	0	0	0	0.218825	0	0	0	0	0	0	0	0	0	0	0	0	0
PL31	0.47316	0.962566	0.602403	0.628603	0.885129	0.849989	0.273694	1.19021	0	0.734247	0	0	0.547377	0	0.602881	1.07679	1.42497	1.84253	0.74141	4.29824	0.228732	0.515882	0.483443	0.236016	0.799006	0.218825	0	0.258772	1.10026	1.19412	1.50915	0.56637	1.08562	0.603008	1.12995	0.986049	0.654221	1.05874	0.951423
PL33	0	0	0	0	0	0	0	0	0	0	0.507118	0	0	0	0	0	0	0	0	0	0.228732	0	0	0	0	0	0	0	0	0	0.125763	0	0.135703	0	0.260758	0	0	0.0814416	0
PL33_1	0.0788599	0	0	0	0	0	0	0	0	0	0	0	1.09475	0	0	1.07679	0	0.614177	0.370705	0	0.457463	0.257941	0.483443	0	0	0	0	0	0	0	0.377288	0	0.814216	0.904511	0.434597	0.281728	0.654221	0.814416	0.475711
PL33_2	0.0788599	0	0	0	0	0	0	0.238041	0	0	1.01424	0	0	0	0	1.79465	1.06873	0.614177	0.370705	0	0	0	0	0	0	0	0	0	0	0.597061	0.251525	0	1.35703	1.20602	1.04303	0.422592	0	0.325766	0
PL34	0	0	0	0	0	0	0	0	0	0	0	0.370685	0	0	0	0	0.712486	0	0.370705	0.390749	0.228732	0	0	0	0	0.218825	0	0	0	0	0	0	0.54281	0.301504	0.347678	0.281728	0	0	0
PL35	0	0.0687547	0.172115	0	0	0.169998	0	0.952165	0.570015	0	0	0	0	0	0	1.07679	2.13746	0.307088	0.74141	0.390749	0.914926	0.515882	0.322296	0	0	0.218825	0	0	0	0.298531	2.13796	0	2.98546	1.20602	1.99915	0.845185	0	0.814416	0.475711
PL37	0	0	0	0	0	0	0	0	0	0	0	0	0	0	0	0.71786	0	0.614177	0.370705	1.17225	0.228732	0	0.161148	0	0	0	0	0	0	0	0.377288	0.56637	0.54281	0	0.0869195	0.422592	0	0.244325	0
PL38	0.0788599	0	0.0860576	0	0	0	0	0.476083	0	0	0	0.370685	0	0.663065	0	3.94823	2.13746	3.99215	1.11212	1.17225	0.686195	1.03176	1.28918	0	0	0.218825	0	0	0.550131	0.895592	4.27593	4.53096	1.35703	0.603008	0.956114	1.40864	0	0.814416	1.18928
PL39	0	0	0	0	0	0	0	0	0	0	0	0	0	0	0	0	0	0.307088	0.370705	0	1.14366	2.83735	1.45033	0	0	0	0	0	0	0.597061	0	0	2.30694	0.904511	1.47763	2.25383	0	0.325766	0.237856
PL4	0	0	0	0	0	0	0	0.238041	0	0	0	0	0	0	0	0	0	0	0	0	0	0	0.161148	0	0	0	0	0	0.275066	0	0	0	0.271405	0	0.260758	0	0	0.0814416	0
PL40	0.0788599	0	0	0	0	0	0	0	0	0	0	0	0	0	0	0.35893	0	0.307088	0	0	0.686195	0.257941	0.161148	0	0	0	0	0	0	0	0.377288	0.56637	0.407108	0	0.347678	0	0	0.244325	0.475711
PL5	0	0.0687547	0.172115	0.209534	0.221282	0.339995	0.273694	0	0	0	0	0	0	0	0	0	0	0	0	0.781498	0	0	0	0.236016	0	0	0	0.258772	0	0	0.125763	0	0.135703	0	0	0.140864	0	0	0
PL5_1	0	0.0687547	0	0	0	0	0	0	0	0	0	0	0	0	0	0	0	0	0	0	0	0	0	0	0	0	0	0	0	0	0	0	0	0	0	0	0	0	0
PL6	0.47316	0.343774	0.0860576	0	0.221282	0.169998	0.273694	0	0	0	0	0	0	0	1.20576	5.02502	4.63116	8.59847	1.85353	5.47049	0.914926	0.773822	0.805739	0	0	0.43765	0	0	0.825197	1.19412	3.26983	1.13274	0.949918	0.301504	0.521517	0.563456	0	0.162883	0
PL6_1	0	0	0	0	0	0	0	0	0	0	0	0	0	0	0	2.15358	1.06873	1.84253	0	2.73524	0.228732	0.257941	0.161148	0	0	0	0	0	0	0	0.880338	0	0	0	0.0869195	0	0	0.244325	0
PL6_2	0	0.0687547	0	0	0	0	0	0	0	0	0.507118	0	0	0	0	1.43572	0	0.614177	0.370705	0	0	0	0.161148	0	0	0.218825	0	0	0.275066	0	0	0	0.271405	0.301504	0.0869195	0.281728	0	0.0814416	0
PL6_3	0	0	0	0	0	0	0	0	0	0	0	0	0	0	0	0	0	0	0	0	0	0	0	0	0	0	0	0	0	0	0.377288	0	0	0	0	0	0	0	0
PL7	0	0	0	0	0	0	0	0	0	0	0	0	0	0	0	3.94823	1.42497	7.9843	0.370705	0.390749	0	0.257941	0	0	0	0	0	0	0	0	1.13186	0	0.135703	0	0	0	0	0	0
PL7_3	0	0	0	0	0	0	0	0	0	0	0	0	0	0	0	0	0.356243	0	0	0.390749	0	0	0	0	0	0	0	0	0.275066	0	0	0	0	0	0.0869195	0	0	0.244325	0.475711
PL7_4	0	0	0	0	0	0	0	0	0	0	0	0	0	0	0	0	0	0	0	0	0	0	0	0	0	0	0	0	0	0	0	0	0.135703	0	0	0	0	0	0
PL7_5	0.0788599	0	0	0	0	0	0	0	0	0	0	0	0	0	0	4.30716	2.4937	4.60633	0.370705	2.34449	0	0	0	0	0	0	0	0	0	0	2.38949	1.13274	0	0	0	0	0	0	0
PL8	0	0	0	0	0	0	0	0	0	0	0	0	0	0	0	0	0	0	0	0	0.686195	0.257941	0	0	0.799006	0.218825	0	0	0	0	0	0	0	0	0.0869195	0	0	0.0814416	0
PL8_2	0	0.0687547	0	0	0	0	0	0.238041	0	0	0	0	0	0	0	0.35893	0.356243	0	0.74141	1.17225	0	0	0	0	0	0	0	0	0	0	0	0	0	0	0	0	0	0.162883	0
PL8_3	0	0	0.0860576	0	0	0	0	0.238041	0	0	0	0	0	0	0	1.43572	1.06873	0	0	0	0	0	0.322296	0	0	0.43765	0	0	0	0.298531	1.13186	0.56637	0.678513	0.301504	0.608436	0.422592	0	0.244325	0
PL9	0.3943	0.550038	1.11875	0.209534	0.663847	0	0.273694	4.0467	0	2.93699	8.621	1.11205	10.4002	6.63065	5.42593	3.5893	3.91868	2.7638	5.56058	2.73524	19.2135	22.6988	8.05739	0	15.9801	15.3177	14.1427	0.258772	3.85092	3.28384	3.0183	0	14.1131	8.44211	12.2556	9.71962	2.61688	6.75965	4.99497
PL9_1	0.0788599	0	0.172115	0	0	0	0	0	0	0	0	0	0	0	0	0.35893	0	0.307088	0	0.781498	0.228732	0.257941	0	0	0.799006	0.218825	0	0	0	0	0	0	0.54281	0	0.260758	0.140864	0	0.0814416	0.475711
PL9_2	0.23658	0.481283	0.0860576	0	0.221282	0.339995	0	2.14237	1.14003	0.734247	3.04271	0.741369	3.28426	7.29372	4.82305	2.51251	0.356243	3.07088	1.48282	2.34449	6.63322	8.2541	10.3135	0	9.58807	8.09652	4.71423	0.517544	2.47559	0.895592	1.50915	0	3.52827	3.31654	3.65062	2.25383	0	3.25766	2.85427
PL9_3	0	0	0	0	0	0	0	0	0	0	0	0	0	0	0	0	0	0	0	0	0	0	0	0	0.799006	0	0	0	0	0	0	0	0.135703	0	0	0	0	0	0
PL9_4	0	0	0	0	0	0	0	0.238041	0	0	0	0	0.547377	1.32613	0.602881	1.07679	2.13746	0.921265	4.81917	0.390749	2.05858	1.2897	1.61148	0	0.799006	1.31295	0	0	0	0.597061	0.880338	0	0.271405	0.603008	0.782275	0.281728	0	0.407208	0.475711
SLH	0.15772	0	0	0	0	0	0	0	0	0	0	0	0	0	0	0	0.356243	0.307088	0	2.73524	2.51605	1.03176	1.12803	0	7.99006	0.43765	0	0	0	0.298531	0.125763	1.13274	0	0.301504	0.0869195	0.140864	0	0	1.42713
cohesin	0	0	0	0	0	0	0	0	0	0	4.56406	0	4.9264	5.96759	6.6317	0	0	0.307088	0	0	5.94702	6.19058	1.28918	0	14.3821	3.93885	0.942847	0	0.275066	0	0	0.56637	0	0	0.347678	0	0	1.14018	1.18928
